1.4216 1.2448 1.751 -22.0
1.4218 1.245 1.7511 -22.0
1.4215 1.2448 1.7509 -22.0
1.4215 1.2448 1.7509 -22.0
1.4158 1.2402 1.7468 -22.0
1.4158 1.2402 1.7468 -22.0
1.4158 1.2402 1.7468 -22.0
1.4032 1.2302 1.7376 -22.0
1.4032 1.2302 1.7376 -22.0
1.4032 1.2302 1.7376 -22.0
1.3909 1.2206 1.7285 -22.0
1.3836 1.2149 1.723 -22.0
1.3836 1.2149 1.723 -22.0
1.3661 1.2015 1.7095 -22.0
1.3564 1.1943 1.702 -22.0
1.3564 1.1943 1.702 -22.0
1.3354 1.1788 1.6852 -22.0
1.3236 1.1703 1.6756 -22.0
1.3236 1.1703 1.6756 -22.0
1.2985 1.1528 1.6544 -22.0
1.2854 1.1439 1.643 -22.0
1.2854 1.1439 1.643 -22.0
1.939 1.1259 1.6179 0.0
1.9071 1.1082 1.5899 0.0
1.9071 1.1082 1.5899 0.0
1.9071 1.1082 1.5899 0.0
1.8491 1.0707 1.5525 0.0
1.8491 1.0707 1.5525 0.0
1.8491 1.0707 1.5525 0.0
1.7842 1.0315 1.5126 0.0
1.7842 1.0315 1.5126 0.0
1.7842 1.0315 1.5126 0.0
2.4268 1.07 1.4848 0.0
2.4015 1.0477 1.4708 0.0
2.4015 1.0477 1.4708 0.0
2.3215 0.978 1.8048 0.0
2.3215 0.978 1.8048 0.0
2.3215 0.978 1.8048 0.0
2.2634 0.9288 1.7581 0.0
2.2356 0.9057 1.7361 0.0
2.2356 0.9057 1.7361 0.0
2.1786 0.8595 1.6914 0.0
2.1502 0.8371 1.6695 0.0
2.1502 0.8371 1.6695 0.0
2.0641 0.7724 1.6044 0.0
2.0641 0.7724 1.6044 0.0
2.0641 0.7724 1.6044 0.0
2.604 0.7134 1.5418 0.0
2.604 0.7134 1.5418 0.0
2.604 0.7134 1.5418 0.0
2.547 0.6785 1.502 0.0
2.5188 1.2295 1.4828 0.0
2.5188 1.2295 1.4828 0.0
2.4934 1.1531 1.4273 0.0
2.4934 1.1531 1.4273 0.0
2.4934 1.1531 1.4273 0.0
2.4355 1.1033 1.3924 0.0
2.4079 1.0799 1.3763 0.0
2.4079 1.0799 1.3763 0.0
2.3508 1.0324 1.3445 0.0
2.3222 1.0091 1.7187 0.0
2.3222 1.0091 1.7187 0.0
2.7988 0.9422 1.6479 0.0
2.7988 0.9422 1.6479 0.0
2.7988 0.9422 1.6479 0.0
2.7118 0.8796 1.579 0.0
2.7118 0.8796 1.579 0.0
2.7118 0.8796 1.579 0.0
2.6536 0.8406 1.5342 0.0
2.6247 0.8222 1.5123 0.0
2.6247 0.8222 1.5123 0.0
2.5667 0.7876 1.4693 0.0
2.5667 0.7876 1.4693 0.0
2.5095 1.3045 1.428 0.0
2.5095 1.3045 1.428 0.0
2.4227 1.2301 1.368 0.0
2.4227 1.2301 1.368 0.0
2.4227 1.2301 1.368 0.0
2.3361 1.1582 1.3117 0.0
2.3361 1.1582 1.3117 0.0
2.3361 1.1582 1.3117 0.0
2.2793 1.1125 1.2769 0.0
2.8823 1.0904 1.2604 0.0
2.8823 1.0904 1.2604 0.0
2.7936 1.0261 1.6073 0.0
2.7936 1.0261 1.6073 0.0
2.7936 1.0261 1.6073 0.0
2.7042 0.9657 1.5341 0.0
2.7042 0.9657 1.5341 0.0
2.7042 0.9657 1.5341 0.0
2.6167 0.9119 1.4644 0.0
2.6167 0.9119 1.4644 0.0
2.6167 0.9119 1.4644 0.0
2.5585 1.428 1.4193 0.0
2.5585 1.428 1.4193 0.0
2.5012 1.3801 1.376 0.0
2.5012 1.3801 1.376 0.0
2.4427 1.3321 1.333 0.0
2.414 1.309 1.3125 0.0
2.414 1.309 1.3125 0.0
2.3561 1.263 1.2721 0.0
2.3271 1.2405 1.2525 0.0
2.3271 1.2405 1.2525 0.0
2.2402 1.175 1.1963 0.0
2.2402 1.175 1.1963 0.0
2.2402 1.175 1.1963 0.0
2.1825 1.1334 1.1614 0.0
2.1543 1.1137 1.1451 0.0
2.1543 1.1137 1.1451 0.0
2.0693 1.0571 1.4984 0.0
2.0693 1.0571 1.4984 0.0
2.0693 1.0571 1.4984 0.0
2.6442 1.021 1.4477 0.0
2.6138 1.0039 1.4227 0.0
2.6138 1.0039 1.4227 0.0
2.5533 1.5037 1.3739 0.0
2.5243 1.4804 1.3509 0.0
2.5243 1.4804 1.3509 0.0
2.4646 1.4331 1.3043 0.0
2.4348 1.41 1.2815 0.0
2.4348 1.41 1.2815 0.0
2.3455 1.3423 1.2152 0.0
2.3455 1.3423 1.2152 0.0
2.3455 1.3423 1.2152 0.0
2.2562 1.2776 1.1525 0.0
2.2562 1.2776 1.1525 0.0
2.2562 1.2776 1.1525 0.0
2.1681 1.2172 1.0947 0.0
2.1681 1.2172 1.0947 0.0
2.1681 1.2172 1.0947 0.0
2.0792 1.1604 1.0413 0.0
2.0792 1.1604 1.0413 0.0
2.0792 1.1604 1.0413 0.0
2.0178 1.1239 1.0076 0.0
1.9885 1.1074 1.4035 0.0
1.9885 1.1074 1.4035 0.0
1.9007 1.5748 1.3267 0.0
1.9007 1.5748 1.3267 0.0
1.9007 1.5748 1.3267 0.0
1.8156 1.5071 1.2538 0.0
1.8156 1.5071 1.2538 0.0
1.8156 1.5071 1.2538 0.0
2.366 1.443 1.1846 0.0
2.366 1.443 1.1846 0.0
2.366 1.443 1.1846 0.0
2.3063 1.4009 1.139 0.0
2.277 1.3808 1.1172 0.0
2.277 1.3808 1.1172 0.0
2.2092 1.3356 1.0682 0.0
2.1792 1.3163 1.0473 0.0
2.1792 1.3163 1.0473 0.0
2.1792 1.3163 1.0473 0.0
2.0888 1.2608 0.9874 0.0
2.0888 1.2608 0.9874 0.0
2.0888 1.2608 0.9874 0.0
1.9973 1.7045 0.9323 0.0
1.9973 1.7045 0.9323 0.0
1.9973 1.7045 0.9323 0.0
1.9075 2.1607 1.308 22.0
1.9075 2.1607 1.308 22.0
1.9075 2.1607 1.308 22.0
1.8242 2.0855 1.2381 22.0
1.8242 2.0855 1.2381 22.0
1.8242 2.0855 1.2381 22.0
1.9517 1.5369 1.1824 0.0
1.9517 1.5369 1.1824 0.0
1.8978 1.5012 1.1477 0.0
1.8716 1.4865 1.1302 0.0
1.8716 1.4865 1.1302 0.0
1.8156 1.8932 1.0941 22.0
1.7867 1.8703 1.0763 22.0
1.7867 1.8703 1.0763 22.0
2.0162 1.8157 1.5641 0.0
1.9889 1.7901 1.5454 0.0
1.9889 1.7901 1.5454 0.0
1.9306 1.7433 1.5013 0.0
1.9005 1.7194 1.479 0.0
1.9005 1.7194 1.479 0.0
1.9005 1.7194 1.479 0.0
1.8096 1.6486 1.4133 0.0
1.8096 1.6486 1.4133 0.0
1.8096 1.6486 1.4133 0.0
1.7197 1.5807 1.3514 0.0
1.7197 1.5807 1.3514 0.0
1.7197 1.5807 1.3514 0.0
1.6286 1.5144 1.2922 0.0
1.6286 1.5144 1.2922 0.0
1.6286 1.5144 1.2922 0.0
1.5394 1.4522 1.2382 0.0
1.5394 1.4522 1.2382 0.0
1.5394 1.4522 1.2382 0.0
1.45 1.3929 1.1888 0.0
1.45 1.3929 1.1888 0.0
1.45 1.3929 1.1888 0.0
1.3606 1.3373 1.1535 0.0
1.3606 1.3373 1.1535 0.0
1.3606 1.3373 1.1535 0.0
1.2697 1.7595 1.0804 22.0
1.2697 1.7595 1.0804 22.0
1.2697 1.7595 1.0804 22.0
1.215 1.7185 1.0407 22.0
1.8819 1.2295 1.0252 0.0
1.8819 1.2295 1.0252 0.0
2.1332 1.6354 0.9814 0.0
2.1332 1.6354 0.9814 0.0
2.1332 1.6354 0.9814 0.0
2.0755 1.5986 0.9501 0.0
2.045 1.5796 1.042 0.0
2.045 1.5796 1.042 0.0
1.9543 1.5257 0.9648 0.0
1.9543 1.5257 0.9648 0.0
1.9543 1.5257 0.9648 0.0
1.8642 1.9318 0.891 22.0
1.8642 1.9318 0.891 22.0
1.8642 1.9318 0.891 22.0
1.7785 1.4192 0.8306 0.0
1.7785 1.4192 0.8306 0.0
1.7785 1.4192 0.8306 0.0
1.7195 1.8271 0.7894 22.0
1.6907 1.8086 0.7704 22.0
1.6907 1.8086 0.7704 22.0
1.6347 1.7666 0.7393 22.0
1.9712 1.7436 1.3379 0.0
1.9712 1.7436 1.3379 0.0
1.9173 1.7004 1.3016 0.0
1.8889 1.6814 1.2814 0.0
1.8889 1.6814 1.2814 0.0
1.8022 1.6249 1.2215 0.0
1.8022 1.6249 1.2215 0.0
1.8022 1.6249 1.2215 0.0
1.7426 1.5879 1.1826 0.0
1.713 1.57 1.164 0.0
1.713 1.57 1.164 0.0
1.6257 1.9397 1.1123 22.0
1.6257 1.9397 1.1123 22.0
1.6257 1.9397 1.1123 22.0
1.9663 1.8968 1.2557 0.0
1.9395 1.465 1.2371 0.0
1.9395 1.465 1.2371 0.0
1.8517 1.8145 1.1711 0.0
1.8517 1.8145 1.1711 0.0
1.8517 1.8145 1.1711 0.0
1.7632 1.7571 1.1079 0.0
1.7632 1.7571 1.1079 0.0
1.7632 1.7571 1.1079 0.0
1.7041 1.7203 1.068 22.0
1.6749 1.7026 1.049 22.0
1.6749 1.7026 1.049 22.0
1.6231 1.6594 1.0245 22.0
2.0177 1.6391 1.2421 0.0
2.0177 1.6391 1.2421 0.0
1.9416 1.583 1.1855 0.0
1.9416 1.583 1.1855 0.0
1.9416 1.583 1.1855 0.0
1.8586 1.5295 1.1246 0.0
1.8586 1.5295 1.1246 0.0
1.8586 1.5295 1.1246 0.0
1.8005 1.4938 1.084 0.0
1.7718 1.4767 1.0647 0.0
1.7718 1.4767 1.0647 0.0
1.713 1.809 1.0267 22.0
1.958 1.7875 1.0087 0.0
1.958 1.7875 1.0087 0.0
1.8625 1.7186 1.2225 0.0
1.8625 1.7186 1.2225 0.0
1.8625 1.7186 1.2225 0.0
1.7706 1.6585 1.1536 0.0
1.7706 1.6585 1.1536 0.0
1.7706 1.6585 1.1536 0.0
1.6775 1.6006 1.0872 0.0
1.6775 1.6006 1.0872 0.0
1.6775 1.6006 1.0872 0.0
1.5854 1.5468 1.0258 0.0
1.5854 1.5468 1.0258 0.0
1.5854 1.5468 1.0258 0.0
1.5235 1.5128 0.9873 0.0
1.4597 2.1809 0.9502 22.0
1.4597 2.1809 0.9502 22.0
1.4597 2.1809 0.9502 22.0
1.3715 2.1232 1.1853 22.0
1.3715 2.1232 1.1853 22.0
1.3715 2.1232 1.1853 22.0
1.2939 1.3736 1.1349 22.0
1.2939 1.3736 1.1349 22.0
1.2939 1.3736 1.1349 22.0
1.2279 1.3301 1.0957 22.0
1.2279 1.3301 1.0957 22.0
1.2279 1.3301 1.0957 22.0
1.6359 1.3053 1.1899 0.0
1.6155 1.2932 1.1717 0.0
1.6155 1.2932 1.1717 0.0
1.5479 1.2531 1.1124 0.0
1.5479 1.2531 1.1124 0.0
1.5479 1.2531 1.1124 0.0
1.4926 1.2219 1.0648 0.0
1.4641 1.2065 1.0407 0.0
1.4641 1.2065 1.0407 0.0
1.3783 1.8202 0.9691 22.0
1.3783 1.8202 0.9691 22.0
1.3783 1.8202 0.9691 22.0
1.3014 1.7571 0.917 22.0
1.3014 1.7571 0.917 22.0
1.3014 1.7571 0.917 22.0
1.2564 1.7187 0.8894 22.0
1.2367 1.0662 0.8782 0.0
1.2367 1.0662 0.8782 0.0
1.2009 1.0405 0.8597 0.0
1.1786 1.6517 0.8469 22.0
1.1786 1.6517 0.8469 22.0
1.6486 1.6137 1.1358 0.0
1.6289 1.5948 1.118 0.0
1.6289 1.5948 1.118 0.0
1.5611 1.5381 1.0562 0.0
1.5611 1.5381 1.0562 0.0
1.5611 1.5381 1.0562 0.0
1.5098 1.4991 1.0096 0.0
1.4837 1.4795 0.986 0.0
1.4837 1.4795 0.986 0.0
1.3994 1.418 0.9114 22.0
1.3994 1.418 0.9114 22.0
1.3994 1.418 0.9114 22.0
1.8689 1.3727 0.8664 0.0
1.8444 1.3497 0.8494 0.0
1.8444 1.3497 0.8494 0.0
2.3695 1.2868 0.7947 0.0
2.3695 1.2868 0.7947 0.0
2.3695 1.2868 0.7947 0.0
2.3082 1.246 0.7558 0.0
2.2776 1.2264 0.7377 0.0
2.2776 1.2264 0.7377 0.0
2.2169 1.1888 0.7045 0.0
2.1858 1.1704 1.0933 0.0
2.1858 1.1704 1.0933 0.0
2.1247 1.1358 1.0433 0.0
2.0944 1.6915 1.019 0.0
2.0944 1.6915 1.019 0.0
2.0342 1.6458 0.9719 0.0
2.0049 1.624 0.9497 0.0
2.0049 1.624 0.9497 0.0
1.944 1.5794 0.9047 0.0
1.9136 1.5576 0.8831 0.0
1.9136 1.5576 0.8831 0.0
1.853 1.515 0.8417 0.0
1.8237 1.4949 0.8227 0.0
1.8237 1.4949 0.8227 0.0
1.7636 1.4547 0.7858 0.0
1.733 1.4349 0.7683 0.0
1.733 1.4349 0.7683 0.0
1.6739 1.3977 1.1381 0.0
1.6445 1.3798 1.1137 0.0
1.6445 1.3798 1.1137 0.0
1.5842 1.3445 1.0645 0.0
1.5538 1.3275 1.0402 0.0
1.5538 1.3275 1.0402 0.0
1.4929 1.8493 0.9927 22.0
1.4637 1.8273 0.9706 22.0
1.4637 1.8273 0.9706 22.0
2.0309 1.7783 0.9423 0.0
2.0074 1.7555 0.9314 0.0
2.0074 1.7555 0.9314 0.0
1.9481 1.7101 0.8974 0.0
1.9186 1.6879 0.8816 0.0
1.9186 1.6879 0.8816 0.0
1.9186 1.6879 0.8816 0.0
1.8265 1.6202 1.2324 0.0
1.8265 1.6202 1.2324 0.0
1.8265 1.6202 1.2324 0.0
1.7347 1.5553 1.1517 0.0
1.7347 1.5553 1.1517 0.0
1.7347 1.5553 1.1517 0.0
1.6457 1.4953 1.0756 0.0
1.6457 1.4953 1.0756 0.0
1.6457 1.4953 1.0756 0.0
1.5579 1.4394 1.0031 0.0
1.5579 1.4394 1.0031 0.0
1.5579 1.4394 1.0031 0.0
1.5005 1.4048 0.9573 0.0
1.473 1.3888 0.9359 0.0
1.473 1.3888 0.9359 0.0
1.4165 1.8843 0.8932 22.0
1.3878 1.8617 0.8723 22.0
1.3878 1.8617 0.8723 22.0
1.9488 1.7887 0.8383 0.0
1.9488 1.7887 0.8383 0.0
1.9488 1.7887 0.8383 0.0
1.8742 1.7216 1.2574 0.0
1.8742 1.7216 1.2574 0.0
1.8742 1.7216 1.2574 0.0
1.8155 1.6738 1.2056 0.0
1.7881 1.6518 1.1817 0.0
1.7881 1.6518 1.1817 0.0
1.7319 1.6071 1.1334 0.0
2.3607 1.5848 1.1092 0.0
2.3607 1.5848 1.1092 0.0
2.302 1.5417 1.0627 0.0
2.2736 1.5212 1.0406 0.0
2.2736 1.5212 1.0406 0.0
2.214 1.4791 0.9956 0.0
2.1841 1.4586 0.9737 0.0
2.1841 1.4586 0.9737 0.0
2.1256 1.4194 0.9323 0.0
2.0975 1.4011 0.9131 0.0
2.0975 1.4011 0.9131 0.0
2.0065 1.3444 0.855 0.0
2.0065 1.3444 0.855 0.0
2.0065 1.3444 0.855 0.0
1.9201 1.2946 0.8064 0.0
1.9201 1.2946 0.8064 0.0
1.9201 1.2946 0.8064 0.0
1.8333 1.717 1.2138 0.0
1.8333 1.717 1.2138 0.0
1.8333 1.717 1.2138 0.0
1.7455 1.6476 1.1366 0.0
1.7455 1.6476 1.1366 0.0
1.7455 1.6476 1.1366 0.0
1.6608 1.5827 1.0642 0.0
1.6608 1.5827 1.0642 0.0
1.6608 1.5827 1.0642 0.0
2.233 1.521 0.9955 0.0
2.233 1.521 0.9955 0.0
2.233 1.521 0.9955 0.0
2.145 1.4616 0.93 0.0
2.145 1.4616 0.93 0.0
2.145 1.4616 0.93 0.0
2.0582 1.4064 0.8697 0.0
2.0582 1.4064 0.8697 0.0
2.0582 1.4064 0.8697 0.0
1.9991 1.3708 0.8318 0.0
1.9701 1.354 0.8142 0.0
1.9701 1.354 0.8142 0.0
1.912 1.8082 0.7812 0.0
1.8839 1.7856 1.2524 0.0
1.8839 1.7856 1.2524 0.0
1.7973 1.7172 1.1744 0.0
1.7973 1.7172 1.1744 0.0
1.7973 1.7172 1.1744 0.0
1.712 1.6515 1.0993 0.0
1.712 1.6515 1.0993 0.0
1.712 1.6515 1.0993 0.0
1.654 1.6081 1.0494 0.0
1.6256 1.5872 1.0254 0.0
1.6256 1.5872 1.0254 0.0
2.1971 1.5251 0.954 0.0
2.1971 1.5251 0.954 0.0
2.1971 1.5251 0.954 0.0
2.1084 1.4675 0.888 0.0
2.1084 1.4675 0.888 0.0
2.1084 1.4675 0.888 0.0
2.0486 1.4306 0.8461 0.0
2.0191 1.413 0.8264 0.0
2.0191 1.413 0.8264 0.0
1.9603 1.3793 0.7891 0.0
1.9291 1.8529 0.7706 0.0
1.9291 1.8529 0.7706 0.0
1.8702 1.8189 0.7382 0.0
1.8412 1.8026 1.207 0.0
1.8412 1.8026 1.207 0.0
1.7828 2.2605 1.1542 22.0
1.7516 2.2428 1.1264 22.0
1.7516 2.2428 1.1264 22.0
1.9505 2.2007 1.0877 22.0
1.9266 1.696 1.0721 0.0
1.9266 1.696 1.0721 0.0
1.848 1.6462 1.0175 0.0
1.848 1.6462 1.0175 0.0
1.848 1.6462 1.0175 0.0
1.7883 2.0914 0.9758 22.0
1.7595 2.0748 0.9564 22.0
1.7595 2.0748 0.9564 22.0
1.6796 2.0152 0.915 22.0
1.6796 2.0152 0.915 22.0
1.6796 2.0152 0.915 22.0
1.9485 1.9732 1.436 22.0
1.9271 1.4903 1.4235 0.0
1.9271 1.4903 1.4235 0.0
1.8636 1.4391 1.3864 0.0
1.8636 1.4391 1.3864 0.0
1.8636 1.4391 1.3864 0.0
1.8099 1.8608 1.3501 22.0
1.7828 1.8432 1.3322 22.0
1.7828 1.8432 1.3322 22.0
2.0797 1.3385 1.3045 0.0
2.0797 1.3385 1.3045 0.0
2.0797 1.3385 1.3045 0.0
2.0259 1.7435 1.3984 0.0
1.9987 1.7258 1.3772 0.0
1.9987 1.7258 1.3772 0.0
1.9409 1.689 1.333 0.0
1.9113 1.6706 1.3109 0.0
1.9113 1.6706 1.3109 0.0
1.8522 1.635 1.2676 0.0
1.8234 1.6182 1.247 0.0
1.8234 1.6182 1.247 0.0
1.7641 1.5846 1.2058 0.0
1.7346 2.0029 1.1859 22.0
1.7346 2.0029 1.1859 22.0
1.6805 1.961 1.1548 22.0
1.6575 1.5131 1.1454 0.0
1.6575 1.5131 1.1454 0.0
2.0012 1.4776 1.2951 0.0
1.9729 1.8776 1.2726 0.0
1.9729 1.8776 1.2726 0.0
1.9128 1.838 1.2256 0.0
1.8838 1.8193 1.2034 0.0
1.8838 1.8193 1.2034 0.0
1.7932 1.7629 1.1361 0.0
1.7932 1.7629 1.1361 0.0
1.7932 1.7629 1.1361 0.0
1.7039 1.7104 1.0735 22.0
1.7039 1.7104 1.0735 22.0
1.7039 1.7104 1.0735 22.0
1.6542 1.6665 1.05 22.0
1.6326 1.6454 1.042 22.0
1.6326 1.6454 1.042 22.0
1.9857 1.5799 1.2332 0.0
1.9857 1.5799 1.2332 0.0
1.9857 1.5799 1.2332 0.0
1.9088 1.5297 1.1756 0.0
1.9088 1.5297 1.1756 0.0
1.9088 1.5297 1.1756 0.0
1.8247 1.4777 1.1158 0.0
1.8247 1.4777 1.1158 0.0
1.8247 1.4777 1.1158 0.0
1.7387 1.8002 1.0585 22.0
1.7387 1.8002 1.0585 22.0
1.7387 1.8002 1.0585 22.0
2.1182 1.3811 1.3091 0.0
2.0953 1.3595 1.2938 0.0
2.0953 1.3595 1.2938 0.0
2.0401 1.6768 1.2506 0.0
2.0109 1.6545 1.2283 0.0
2.0109 1.6545 1.2283 0.0
2.7675 1.6122 1.1861 0.0
2.7376 1.5911 1.1652 0.0
2.7376 1.5911 1.1652 0.0
2.679 1.5506 1.1256 0.0
2.6496 1.5308 1.1065 0.0
2.6496 1.5308 1.1065 0.0
2.5634 1.4748 1.0535 0.0
2.5634 1.4748 1.0535 0.0
2.5634 1.4748 1.0535 0.0
2.4747 1.4207 1.2875 0.0
2.4747 1.4207 1.2875 0.0
2.4747 1.4207 1.2875 0.0
2.388 1.7143 1.2182 0.0
2.388 1.7143 1.2182 0.0
2.388 1.7143 1.2182 0.0
2.3015 1.6513 1.1519 0.0
2.3015 1.6513 1.1519 0.0
2.3015 1.6513 1.1519 0.0
2.6296 1.5916 1.0899 0.0
2.6296 1.5916 1.0899 0.0
2.6296 1.5916 1.0899 0.0
2.5676 1.5528 1.0501 0.0
2.5375 1.5345 1.0317 0.0
2.5375 1.5345 1.0317 0.0
2.4774 1.4991 0.9965 0.0
2.4482 1.4825 0.9804 0.0
2.4482 1.4825 0.9804 0.0
2.3878 1.4495 0.949 0.0
2.3577 1.7759 1.2131 0.0
2.3577 1.7759 1.2131 0.0
2.2977 1.7344 1.167 0.0
2.2685 1.7146 1.1451 0.0
2.2685 1.7146 1.1451 0.0
2.2077 1.6743 1.1005 0.0
2.177 1.6545 1.0787 0.0
2.177 1.6545 1.0787 0.0
2.0881 1.5989 1.0181 0.0
2.0881 1.5989 1.0181 0.0
2.0881 1.5989 1.0181 0.0
1.9977 1.5458 0.9613 0.0
1.9977 1.5458 0.9613 0.0
1.9977 1.5458 0.9613 0.0
1.9378 1.5126 0.9266 0.0
1.9084 1.5625 0.9107 0.0
1.9084 1.5625 0.9107 0.0
1.8187 1.4858 1.5332 0.0
1.8187 1.4858 1.5332 0.0
1.8187 1.4858 1.5332 0.0
1.7579 1.4348 1.4962 0.0
1.7285 1.4105 1.479 0.0
1.7285 1.4105 1.479 0.0
1.6687 1.3616 1.445 0.0
1.6391 1.3377 1.4289 0.0
1.6391 1.3377 1.4289 0.0
1.55 1.2674 2.0517 -22.0
1.55 1.2674 2.0517 -22.0
1.4934 1.2271 2.0119 -22.0
1.4686 1.2117 1.9913 -22.0
1.4686 1.2117 1.9913 -22.0
1.4686 1.2117 1.9913 -22.0
1.8846 1.173 1.2846 0.0
1.8846 1.173 1.2846 0.0
1.8846 1.173 1.2846 0.0
1.8073 1.3331 1.8796 -22.0
1.8073 1.3331 1.8796 -22.0
1.8073 1.3331 1.8796 -22.0
1.7301 1.2694 1.8196 -22.0
1.7301 1.2694 1.8196 -22.0
1.7301 1.2694 1.8196 -22.0
1.6669 1.222 1.1506 0.0
1.6669 1.222 1.1506 0.0
1.6669 1.222 1.1506 0.0
1.6255 1.1912 1.1245 0.0
1.602 1.1732 1.7109 -22.0
1.602 1.1732 1.7109 -22.0
2.1098 1.13 1.6523 0.0
2.1098 1.13 1.6523 0.0
2.1098 1.13 1.6523 0.0
2.0421 1.0912 1.5985 0.0
2.0421 1.0912 1.5985 0.0
2.0421 1.0912 1.5985 0.0
1.9641 1.0471 1.5425 0.0
1.9641 1.0471 1.5425 0.0
1.9641 1.0471 1.5425 0.0
1.9079 1.3558 1.5034 0.0
1.8777 1.329 1.4829 0.0
1.8777 1.329 1.4829 0.0
1.8184 1.2768 1.4437 0.0
1.7875 1.25 1.4238 0.0
1.7875 1.25 1.4238 0.0
1.7278 1.1987 1.3867 0.0
1.6984 1.1739 1.3691 0.0
1.6984 1.1739 1.3691 0.0
1.6097 1.1001 1.3185 0.0
1.6097 1.1001 1.3185 0.0
1.6097 1.1001 1.3185 0.0
1.5229 1.0307 1.8381 -22.0
1.5229 1.0307 1.8381 -22.0
1.5229 1.0307 1.8381 -22.0
2.0635 0.9879 1.2202 0.0
2.0635 0.9879 1.2202 0.0
2.0635 0.9879 1.2202 0.0
2.0068 0.9523 1.7269 0.0
1.978 0.9349 1.7057 0.0
1.978 0.9349 1.7057 0.0
1.9186 0.9014 1.6628 0.0
1.889 1.2948 1.6419 0.0
1.889 1.2948 1.6419 0.0
1.8298 1.2414 1.6008 0.0
1.8005 1.2152 1.581 0.0
1.8005 1.2152 1.581 0.0
1.741 1.1626 1.5416 0.0
1.7113 1.1367 1.5225 0.0
1.7113 1.1367 1.5225 0.0
1.6227 1.0606 1.4677 0.0
1.6227 1.0606 1.4677 0.0
1.6227 1.0606 1.4677 0.0
1.5342 0.987 1.4166 0.0
1.5342 0.987 1.4166 0.0
1.5342 0.987 1.4166 0.0
1.4751 0.9395 1.3848 0.0
1.4456 0.9165 1.9042 -22.0
1.4456 0.9165 1.9042 -22.0
1.387 0.8719 1.8606 -22.0
2.2373 0.8563 1.8349 0.0
2.2373 0.8563 1.8349 0.0
2.1574 0.8182 1.7691 0.0
2.1574 0.8182 1.7691 0.0
2.1574 0.8182 1.7691 0.0
2.0702 1.2144 1.7043 0.0
2.0702 1.2144 1.7043 0.0
2.0702 1.2144 1.7043 0.0
2.012 1.162 1.6623 0.0
1.9532 1.1097 1.6208 0.0
1.9532 1.1097 1.6208 0.0
1.9532 1.1097 1.6208 0.0
1.8623 1.0307 1.5593 0.0
1.8623 1.0307 1.5593 0.0
1.8623 1.0307 1.5593 0.0
1.7756 0.9577 1.5036 0.0
1.7756 0.9577 1.5036 0.0
1.7756 0.9577 1.5036 0.0
1.6886 0.8877 1.4512 0.0
1.6886 0.8877 1.4512 0.0
1.6886 0.8877 1.4512 0.0
1.6007 0.821 1.4021 0.0
1.6007 0.821 1.4021 0.0
1.6007 0.821 1.4021 0.0
1.8097 0.7621 1.3503 0.0
1.8097 0.7621 1.3503 0.0
1.8097 0.7621 1.3503 0.0
1.7472 0.7254 1.3042 0.0
1.717 0.709 1.2825 0.0
1.717 0.709 1.2825 0.0
1.6267 1.1281 1.2196 0.0
1.6267 1.1281 1.2196 0.0
1.6267 1.1281 1.2196 0.0
1.5357 1.0756 1.1602 0.0
1.5357 1.0756 1.1602 0.0
1.5357 1.0756 1.1602 0.0
1.4715 1.5133 1.121 22.0
1.4409 1.4947 1.1031 22.0
1.4409 1.4947 1.1031 22.0
1.3899 1.4505 1.1425 22.0
1.3674 1.4292 1.1263 22.0
1.3674 1.4292 1.1263 22.0
1.6576 1.3677 1.0897 0.0
1.6576 1.3677 1.0897 0.0
1.6576 1.3677 1.0897 0.0
1.588 1.3136 1.0481 0.0
1.588 1.3136 1.0481 0.0
1.588 1.3136 1.0481 0.0
1.5075 1.2611 0.9984 0.0
1.5075 1.2611 0.9984 0.0
1.5075 1.2611 0.9984 0.0
1.4488 1.225 0.9649 0.0
1.4189 1.2073 0.9489 0.0
1.4189 1.2073 0.9489 0.0
1.3282 2.9784 1.0205 22.0
1.3282 2.9784 1.0205 22.0
1.3282 2.9784 1.0205 22.0
1.2478 2.8933 0.9596 22.0
1.2478 2.8933 0.9596 22.0
1.2478 2.8933 0.9596 22.0
1.5697 1.0396 0.9241 0.0
1.5697 1.0396 0.9241 0.0
1.5697 1.0396 0.9241 0.0
1.4965 3.2965 0.8863 22.0
1.4965 3.2965 0.8863 22.0
1.4965 3.2965 0.8863 22.0
1.4436 3.2424 1.0792 22.0
1.4215 3.2158 1.0622 22.0
1.4215 3.2158 1.0622 22.0
1.8031 1.6026 1.0343 0.0
1.7831 1.584 1.0229 0.0
1.7831 1.584 1.0229 0.0
1.716 1.5378 0.9802 0.0
1.716 1.5378 0.9802 0.0
1.716 1.5378 0.9802 0.0
1.6401 2.9015 0.9314 22.0
1.6401 2.9015 0.9314 22.0
1.6401 2.9015 0.9314 22.0
1.8618 2.1431 1.1772 22.0
1.8618 2.1431 1.1772 22.0
1.8618 2.1431 1.1772 22.0
1.8119 2.102 1.1487 22.0
1.7892 1.388 1.1372 0.0
1.7892 1.388 1.1372 0.0
1.7439 2.0475 1.1119 22.0
1.7197 2.033 1.0965 22.0
1.7197 2.033 1.0965 22.0
1.6766 1.3099 1.078 0.0
1.6568 1.2933 1.0709 0.0
1.6568 1.2933 1.0709 0.0
1.5875 1.9338 1.3632 22.0
1.5875 1.9338 1.3632 22.0
1.5875 1.9338 1.3632 22.0
1.5466 1.896 1.3387 22.0
1.9763 1.8779 1.3287 0.0
1.9763 1.8779 1.3287 0.0
1.9294 1.8426 1.3048 0.0
1.9048 1.8269 1.2905 0.0
1.9048 1.8269 1.2905 0.0
1.852 1.7939 1.2609 0.0
1.825 1.7774 1.2463 0.0
1.825 1.7774 1.2463 0.0
1.7676 1.7433 1.2169 0.0
1.738 1.7261 1.3165 0.0
1.738 1.7261 1.3165 0.0
1.6768 1.6919 1.2632 22.0
1.6465 1.6755 1.2371 22.0
1.6465 1.6755 1.2371 22.0
1.5646 1.609 1.1784 22.0
1.5646 1.609 1.1784 22.0
1.5646 1.609 1.1784 22.0
1.5124 1.5614 1.1458 22.0
1.4892 1.5388 1.1326 22.0
1.4892 1.5388 1.1326 22.0
1.9858 1.4932 1.1101 0.0
1.9612 1.471 1.101 0.0
1.9612 1.471 1.101 0.0
1.9083 1.4372 1.0722 0.0
1.8815 1.4206 1.0584 0.0
1.8815 1.4206 1.0584 0.0
1.7997 1.3719 1.2803 0.0
1.7997 1.3719 1.2803 0.0
1.7997 1.3719 1.2803 0.0
1.7083 1.9295 1.2009 22.0
1.7083 1.9295 1.2009 22.0
1.7083 1.9295 1.2009 22.0
1.6208 1.2507 1.137 0.0
1.6208 1.2507 1.137 0.0
1.6208 1.2507 1.137 0.0
2.1389 1.7711 1.0779 0.0
2.1389 1.7711 1.0779 0.0
2.1389 1.7711 1.0779 0.0
2.0784 1.7261 1.0373 0.0
2.049 1.7046 1.0184 0.0
2.049 1.7046 1.0184 0.0
1.9585 1.6402 0.9637 0.0
1.9585 1.6402 0.9637 0.0
1.9585 1.6402 0.9637 0.0
1.8687 1.5789 0.9153 0.0
1.8687 1.5789 0.9153 0.0
1.8687 1.5789 0.9153 0.0
1.8084 1.5393 1.2362 0.0
1.7779 1.5198 1.2091 0.0
1.7779 1.5198 1.2091 0.0
1.7139 1.4803 1.1529 0.0
1.6845 1.4628 1.1274 0.0
1.6845 1.4628 1.1274 0.0
1.6247 1.4283 1.0761 0.0
1.595 1.4119 1.051 0.0
1.595 1.4119 1.051 0.0
1.5057 2.4047 0.9775 22.0
1.5057 2.4047 0.9775 22.0
1.5057 2.4047 0.9775 22.0
1.4538 2.355 0.9424 22.0
2.0558 1.8019 0.9271 0.0
2.0558 1.8019 0.9271 0.0
2.0022 1.7666 0.8965 0.0
1.9742 2.2649 0.8795 22.0
1.9742 2.2649 0.8795 22.0
1.8942 1.6966 1.2847 0.0
1.8942 1.6966 1.2847 0.0
1.8942 1.6966 1.2847 0.0
1.8436 1.6618 1.2415 0.0
1.8167 2.1279 1.2182 22.0
1.8167 2.1279 1.2182 22.0
1.9833 2.0809 1.1755 22.0
1.9563 1.5917 1.1578 0.0
1.9563 1.5917 1.1578 0.0
1.9032 1.5573 1.122 0.0
1.876 1.9881 1.1029 22.0
1.876 1.9881 1.1029 22.0
1.7966 1.4892 1.057 0.0
1.7966 1.4892 1.057 0.0
1.7966 1.4892 1.057 0.0
1.7195 1.8464 1.0167 22.0
1.7195 1.8464 1.0167 22.0
1.7195 1.8464 1.0167 22.0
1.9344 1.3848 1.4875 0.0
1.9344 1.3848 1.4875 0.0
1.9344 1.3848 1.4875 0.0
1.8795 1.7258 1.4483 0.0
1.8521 1.7031 1.4291 0.0
1.8521 1.7031 1.4291 0.0
1.7944 1.6559 1.3896 0.0
1.7649 1.6322 1.3701 0.0
1.7649 1.6322 1.3701 0.0
1.7055 1.5847 1.3318 0.0
1.6769 1.5623 1.314 0.0
1.6769 1.5623 1.314 0.0
1.6181 1.5167 1.2787 0.0
1.5889 1.4945 1.2618 0.0
1.5889 1.4945 1.2618 0.0
1.5304 1.4507 1.2297 0.0
1.502 1.4299 1.2712 0.0
1.502 1.4299 1.2712 0.0
1.4415 1.3865 1.2211 0.0
1.4116 1.3655 1.1968 0.0
1.4116 1.3655 1.1968 0.0
1.3545 1.3266 1.1512 0.0
1.3269 1.3083 1.1295 0.0
1.3269 1.3083 1.1295 0.0
1.9636 1.2717 1.0858 0.0
1.9342 1.2541 1.0646 0.0
1.9342 1.2541 1.0646 0.0
1.8752 1.2204 1.0234 0.0
1.846 1.6677 1.0038 0.0
1.846 1.6677 1.0038 0.0
1.7588 1.6124 0.9486 0.0
1.7588 1.6124 0.9486 0.0
1.7588 1.6124 0.9486 0.0
1.6725 1.561 0.8999 0.0
1.6725 1.561 0.8999 0.0
1.6725 1.561 0.8999 0.0
1.9017 1.9722 0.9144 22.0
1.9017 1.9722 0.9144 22.0
1.9017 1.9722 0.9144 22.0
1.8449 1.9264 0.8726 22.0
1.8178 1.4535 0.8537 0.0
1.8178 1.4535 0.8537 0.0
1.7394 1.4014 0.8014 0.0
1.7394 1.4014 0.8014 0.0
1.7394 1.4014 0.8014 0.0
1.6848 1.8059 0.7659 22.0
1.6274 1.7678 0.7318 22.0
1.6274 1.7678 0.7318 22.0
1.6274 1.7678 0.7318 22.0
1.9369 1.7212 1.312 0.0
1.9098 1.6988 1.2945 0.0
1.9098 1.6988 1.2945 0.0
1.8296 1.6396 1.2416 0.0
1.8296 1.6396 1.2416 0.0
1.8296 1.6396 1.2416 0.0
1.7713 1.6004 1.2039 0.0
1.7425 1.5816 1.1861 0.0
1.7425 1.5816 1.1861 0.0
1.6853 1.5451 1.1522 0.0
1.8351 1.5272 1.1358 0.0
1.8351 1.5272 1.1358 0.0
1.7728 1.493 1.2804 0.0
1.7419 2.576 1.2565 22.0
1.7419 2.576 1.2565 22.0
1.6514 2.5177 1.1928 22.0
1.6514 2.5177 1.1928 22.0
1.6514 2.5177 1.1928 22.0
1.5683 1.3719 1.1468 0.0
1.5683 1.3719 1.1468 0.0
1.5683 1.3719 1.1468 0.0
1.4878 2.0298 1.1035 22.0
1.4878 2.0298 1.1035 22.0
1.4878 2.0298 1.1035 22.0
1.4384 1.2907 1.3274 0.0
1.4158 1.2744 1.3125 0.0
1.4158 1.2744 1.3125 0.0
1.3377 1.9314 1.2564 22.0
1.3377 1.9314 1.2564 22.0
1.3377 1.9314 1.2564 22.0
1.2628 1.8788 1.2117 22.0
1.2628 1.8788 1.2117 22.0
1.2628 1.8788 1.2117 22.0
1.6809 1.8433 1.1897 22.0
1.6593 1.8271 1.1985 22.0
1.6593 1.8271 1.1985 22.0
1.62 1.1122 1.1623 0.0
2.0764 1.0989 1.1442 0.0
2.0764 1.0989 1.1442 0.0
2.0294 1.7509 1.1028 0.0
2.0053 1.7354 1.0818 0.0
2.0053 1.7354 1.0818 0.0
1.9526 1.7022 1.0364 0.0
1.9255 1.6855 1.0135 0.0
1.9255 1.6855 1.0135 0.0
1.8407 1.6355 0.9435 0.0
1.8407 1.6355 0.9435 0.0
1.8407 1.6355 0.9435 0.0
2.1903 1.8712 0.8963 0.0
2.1604 1.8504 0.8751 0.0
2.1604 1.8504 0.8751 0.0
2.0679 1.7879 0.8132 0.0
2.0679 1.7879 0.8132 0.0
2.0679 1.7879 0.8132 0.0
2.0067 1.748 0.7757 0.0
1.9766 1.7288 0.7584 0.0
1.9766 1.7288 0.7584 0.0
1.9116 1.6885 0.7239 0.0
1.8813 1.6703 1.0614 0.0
1.8813 1.6703 1.0614 0.0
1.8205 1.6348 1.0144 0.0
1.791 1.6181 0.9922 0.0
1.791 1.6181 0.9922 0.0
1.7293 1.5846 0.947 0.0
1.6978 1.8431 0.9247 22.0
1.6978 1.8431 0.9247 22.0
1.609 1.7756 0.8692 22.0
1.609 1.7756 0.8692 22.0
1.609 1.7756 0.8692 22.0
1.5324 1.4647 1.2116 0.0
1.5324 1.4647 1.2116 0.0
1.5324 1.4647 1.2116 0.0
1.4757 1.6634 1.1694 22.0
1.447 1.6416 1.1486 22.0
1.447 1.6416 1.1486 22.0
1.8624 1.5708 1.1001 0.0
1.8624 1.5708 1.1001 0.0
1.8624 1.5708 1.1001 0.0
2.3082 1.5259 1.0729 0.0
2.2806 1.5041 1.0575 0.0
2.2806 1.5041 1.0575 0.0
2.221 1.4579 1.2351 0.0
2.9599 1.4364 1.2082 0.0
2.9599 1.4364 1.2082 0.0
2.8681 1.3732 1.1274 0.0
2.8681 1.3732 1.1274 0.0
2.8681 1.3732 1.1274 0.0
2.8011 1.3292 1.0697 0.0
2.7689 1.3088 1.0424 0.0
2.7689 1.3088 1.0424 0.0
2.7084 1.2719 0.9919 0.0
2.6788 1.2545 0.9677 0.0
2.6788 1.2545 0.9677 0.0
2.5886 1.8485 0.8959 0.0
2.5886 1.8485 0.8959 0.0
2.5886 1.8485 0.8959 0.0
2.5271 1.8069 0.8492 0.0
2.4981 1.7877 0.8278 0.0
2.4981 1.7877 0.8278 0.0
2.4382 1.749 0.7854 0.0
2.4084 1.7303 0.7653 0.0
2.4084 1.7303 0.7653 0.0
2.3477 1.693 0.7264 0.0
2.3183 1.6754 0.7087 0.0
2.3183 1.6754 0.7087 0.0
2.2574 1.6402 0.6749 0.0
2.2273 1.6234 1.0694 0.0
2.2273 1.6234 1.0694 0.0
2.1383 1.7621 1.0036 0.0
2.1383 1.7621 1.0036 0.0
2.1383 1.7621 1.0036 0.0
2.0781 1.7183 0.9613 0.0
2.0477 1.6966 0.9408 0.0
2.0477 1.6966 0.9408 0.0
1.9591 1.6349 0.8843 0.0
1.9591 1.6349 0.8843 0.0
1.9591 1.6349 0.8843 0.0
1.8705 1.576 0.834 0.0
1.8705 1.576 0.834 0.0
1.8705 1.576 0.834 0.0
1.8108 1.5379 1.2014 0.0
1.7822 1.5203 1.1807 0.0
1.7822 1.5203 1.1807 0.0
1.7223 1.4844 1.1386 0.0
1.6932 1.4676 1.1188 0.0
1.6932 1.4676 1.1188 0.0
1.6347 1.637 1.0803 22.0
1.6052 1.6141 1.0617 22.0
1.6052 1.6141 1.0617 22.0
1.5176 1.5412 2.1176 0.0
1.5176 1.5412 2.1176 0.0
1.5176 1.5412 2.1176 0.0
1.4584 1.4954 2.0816 0.0
1.4298 1.4736 2.0646 0.0
1.4298 1.4736 2.0646 0.0
1.3393 1.4063 2.0126 0.0
1.3393 1.4063 2.0126 0.0
1.3393 1.4063 2.0126 0.0
1.2794 1.3634 1.9797 0.0
1.2488 1.342 1.9633 0.0
1.2488 1.342 1.9633 0.0
1.1862 1.2994 2.3267 0.0
1.1568 1.28 2.3082 0.0
1.1568 1.28 2.3082 0.0
1.0703 1.2253 2.2552 0.0
1.0703 1.2253 2.2552 0.0
1.0703 1.2253 2.2552 0.0
1.3973 0.9853 2.2051 -22.0
1.3973 0.9853 2.2051 -22.0
1.3973 0.9853 2.2051 -22.0
1.3152 0.9134 2.1473 -22.0
1.3152 0.9134 2.1473 -22.0
1.3152 0.9134 2.1473 -22.0
1.2485 0.8619 2.0844 -22.0
1.2485 0.8619 2.0844 -22.0
1.2485 0.8619 2.0844 -22.0
1.6532 0.8364 2.0424 -22.0
1.6135 0.8167 1.9987 -22.0
1.6135 0.8167 1.9987 -22.0
1.6135 0.8167 1.9987 -22.0
1.9104 0.7977 1.606 0.0
1.9104 0.7977 1.606 0.0
1.9104 0.7977 1.606 0.0
1.86 1.0917 1.5801 0.0
1.834 1.071 1.8777 -22.0
1.834 1.071 1.8777 -22.0
1.7828 1.0342 1.8387 -22.0
1.7594 1.0203 1.5202 0.0
1.7594 1.0203 1.5202 0.0
1.7117 0.9905 1.4902 0.0
1.6866 0.9734 1.7614 -22.0
1.6866 0.9734 1.7614 -22.0
1.6361 0.9442 1.7215 -22.0
1.6129 0.9343 1.6997 -22.0
1.6129 0.9343 1.6997 -22.0
1.5481 1.2681 1.3776 0.0
1.5481 1.2681 1.3776 0.0
1.5481 1.2681 1.3776 0.0
1.482 1.2237 1.3344 0.0
1.482 1.2237 1.3344 0.0
1.482 1.2237 1.3344 0.0
1.4075 1.1727 1.518 -22.0
1.4075 1.1727 1.518 -22.0
1.4075 1.1727 1.518 -22.0
1.8482 1.1444 1.4743 0.0
2.3196 1.1354 1.4511 0.0
2.3196 1.1354 1.4511 0.0
2.7862 1.2702 1.3882 0.0
2.7862 1.2702 1.3882 0.0
2.7862 1.2702 1.3882 0.0
3.1411 1.2183 1.3456 0.0
3.1127 1.193 1.325 0.0
3.1127 1.193 1.325 0.0
3.0545 1.1418 1.2841 0.0
3.0243 1.1156 1.2634 0.0
3.0243 1.1156 1.2634 0.0
2.9379 1.0422 1.207 0.0
2.9379 1.0422 1.207 0.0
2.9379 1.0422 1.207 0.0
2.8489 0.9695 1.1533 0.0
2.8489 0.9695 1.1533 0.0
2.8489 0.9695 1.1533 0.0
2.7631 0.9028 1.7494 0.0
2.7631 0.9028 1.7494 0.0
2.7631 0.9028 1.7494 0.0
2.6769 0.8403 1.6907 0.0
2.6769 0.8403 1.6907 0.0
2.6769 0.8403 1.6907 0.0
2.6193 0.8016 1.653 0.0
2.5902 0.7831 1.6344 0.0
2.5902 0.7831 1.6344 0.0
2.5042 1.1376 1.5818 0.0
2.5042 1.1376 1.5818 0.0
2.5042 1.1376 1.5818 0.0
2.6321 1.0882 1.5457 0.0
2.6018 1.0665 1.5301 0.0
2.6018 1.0665 1.5301 0.0
2.5084 1.0028 1.6658 0.0
2.5084 1.0028 1.6658 0.0
2.5084 1.0028 1.6658 0.0
2.4477 0.9641 1.6238 0.0
2.4173 0.9456 1.6032 0.0
2.4173 0.9456 1.6032 0.0
2.325 0.8935 1.5427 0.0
2.325 0.8935 1.5427 0.0
2.325 0.8935 1.5427 0.0
2.2341 1.2338 1.4863 0.0
2.2341 1.2338 1.4863 0.0
2.2341 1.2338 1.4863 0.0
2.1428 1.1713 1.4334 0.0
2.1428 1.1713 1.4334 0.0
2.1428 1.1713 1.4334 0.0
2.0821 1.132 1.4005 0.0
2.0521 1.1133 1.3849 0.0
2.0521 1.1133 1.3849 0.0
1.9917 1.0773 1.5491 0.0
1.9295 1.0427 1.5041 0.0
1.9295 1.0427 1.5041 0.0
1.9295 1.0427 1.5041 0.0
1.8388 3.2494 1.4408 22.0
1.8388 3.2494 1.4408 22.0
1.8388 3.2494 1.4408 22.0
1.7838 2.3651 1.4119 22.0
1.7575 2.3464 1.3988 22.0
1.7575 2.3464 1.3988 22.0
1.6847 1.5926 1.6152 0.0
1.6847 1.5926 1.6152 0.0
1.6847 1.5926 1.6152 0.0
1.9667 1.5633 1.5831 0.0
1.9407 1.549 1.5663 0.0
1.9407 1.549 1.5663 0.0
1.8565 2.2004 1.5141 22.0
1.8565 2.2004 1.5141 22.0
1.8565 2.2004 1.5141 22.0
1.803 1.4678 1.4914 0.0
1.778 1.4505 1.4759 0.0
1.778 1.4505 1.4759 0.0
1.7231 2.1086 1.4294 22.0
1.6949 2.0919 1.4057 22.0
1.6949 2.0919 1.4057 22.0
1.6128 2.0336 1.3433 22.0
1.6128 2.0336 1.3433 22.0
1.6128 2.0336 1.3433 22.0
1.5652 1.9953 1.3106 22.0
1.5435 1.3074 1.2963 0.0
1.5435 1.3074 1.2963 0.0
1.9732 1.2796 1.2672 0.0
1.9205 1.9109 1.2346 0.0
1.9205 1.9109 1.2346 0.0
1.9205 1.9109 1.2346 0.0
1.8627 1.8749 1.2006 22.0
1.8327 1.8567 1.1837 22.0
1.8327 1.8567 1.1837 22.0
1.7429 1.792 1.295 22.0
1.7429 1.792 1.295 22.0
1.7429 1.792 1.295 22.0
1.6697 1.7324 1.2382 22.0
1.6697 1.7324 1.2382 22.0
1.6697 1.7324 1.2382 22.0
1.6124 1.6827 1.1968 22.0
1.6124 1.6827 1.1968 22.0
1.6124 1.6827 1.1968 22.0
2.1473 1.6523 1.1752 0.0
2.1473 1.6523 1.1752 0.0
2.108 1.6209 1.1515 0.0
2.108 1.6209 1.1515 0.0
2.0332 1.566 1.1062 0.0
2.0332 1.566 1.1062 0.0
2.0332 1.566 1.1062 0.0
1.9521 1.5086 1.061 0.0
1.9521 1.5086 1.061 0.0
1.9521 1.5086 1.061 0.0
1.863 1.4483 1.3238 0.0
1.863 1.4483 1.3238 0.0
1.863 1.4483 1.3238 0.0
1.7741 1.3914 1.2464 0.0
1.7741 1.3914 1.2464 0.0
1.7741 1.3914 1.2464 0.0
1.7136 1.3548 1.1947 0.0
1.6832 1.3372 1.1692 0.0
1.6832 1.3372 1.1692 0.0
1.5948 1.8714 1.0963 22.0
1.5948 1.8714 1.0963 22.0
1.5948 1.8714 1.0963 22.0
1.5391 1.8244 1.0546 22.0
1.5151 1.8001 1.0389 22.0
1.5151 1.8001 1.0389 22.0
2.0765 1.1991 1.0139 0.0
2.0765 1.1991 1.0139 0.0
2.0274 1.7113 0.988 0.0
2.0274 1.7113 0.988 0.0
1.9396 1.6426 1.3504 0.0
1.9396 1.6426 1.3504 0.0
1.9396 1.6426 1.3504 0.0
1.8514 1.5757 1.2723 0.0
1.8514 1.5757 1.2723 0.0
1.8514 1.5757 1.2723 0.0
1.7637 1.5116 1.1964 0.0
1.7637 1.5116 1.1964 0.0
1.7637 1.5116 1.1964 0.0
1.6745 1.4492 1.1213 0.0
1.6745 1.4492 1.1213 0.0
1.6745 1.4492 1.1213 0.0
1.5876 1.3915 1.0507 0.0
1.5876 1.3915 1.0507 0.0
1.5876 1.3915 1.0507 0.0
2.1307 1.3378 0.9839 0.0
2.1307 1.3378 0.9839 0.0
2.1307 1.3378 0.9839 0.0
2.0397 1.821 0.9218 0.0
2.0397 1.821 0.9218 0.0
2.0397 1.821 0.9218 0.0
1.9791 1.7755 0.8833 0.0
1.9489 1.7532 0.8652 0.0
1.9489 1.7532 0.8652 0.0
1.889 1.7098 0.8315 0.0
1.86 1.6891 0.8164 0.0
1.86 1.6891 0.8164 0.0
1.7995 1.6468 1.1955 0.0
1.7408 1.607 1.143 0.0
1.7408 1.607 1.143 0.0
1.7408 1.607 1.143 0.0
1.68 1.5671 1.0895 0.0
1.6493 1.5474 1.0628 0.0
1.6493 1.5474 1.0628 0.0
1.5598 1.4926 0.9866 0.0
1.5598 1.4926 0.9866 0.0
1.5598 1.4926 0.9866 0.0
1.5002 1.458 0.9373 0.0
1.4704 1.9385 0.9132 22.0
1.4704 1.9385 0.9132 22.0
1.3863 1.8851 0.8506 22.0
1.3863 1.8851 0.8506 22.0
1.3863 1.8851 0.8506 22.0
1.9583 1.3335 0.8159 0.0
1.9583 1.3335 0.8159 0.0
1.9583 1.3335 0.8159 0.0
1.9006 1.7919 0.7842 0.0
1.8722 1.7755 1.2446 0.0
1.8722 1.7755 1.2446 0.0
1.8088 2.2313 1.1877 22.0
1.7799 2.2145 1.162 22.0
1.7799 2.2145 1.162 22.0
1.9704 1.6845 1.1243 0.0
1.9458 1.6647 1.1085 0.0
1.9458 1.6647 1.1085 0.0
1.8872 2.1164 1.0646 22.0
1.8571 2.0989 1.0427 22.0
1.8571 2.0989 1.0427 22.0
1.8061 1.5764 1.0152 0.0
1.7837 1.5568 1.005 0.0
1.7837 1.5568 1.005 0.0
1.709 1.5054 0.9671 0.0
1.709 1.5054 0.9671 0.0
1.709 1.5054 0.9671 0.0
1.9247 1.9221 1.4382 0.0
1.9247 1.9221 1.4382 0.0
1.9247 1.9221 1.4382 0.0
1.8334 1.8699 1.3695 22.0
1.8334 1.8699 1.3695 22.0
1.8334 1.8699 1.3695 22.0
1.752 1.8113 1.3195 22.0
1.752 1.8113 1.3195 22.0
1.752 1.8113 1.3195 22.0
1.7078 1.7701 1.3002 22.0
1.688 1.7497 1.2934 22.0
1.688 1.7497 1.2934 22.0
1.9881 1.6896 1.384 0.0
1.9881 1.6896 1.384 0.0
1.9881 1.6896 1.384 0.0
1.9397 1.6574 1.3483 0.0
1.9146 1.641 1.3301 0.0
1.9146 1.641 1.3301 0.0
1.8346 1.5904 1.2738 0.0
1.8346 1.5904 1.2738 0.0
1.8346 1.5904 1.2738 0.0
1.7479 1.5386 1.2162 0.0
1.7479 1.5386 1.2162 0.0
1.7479 1.5386 1.2162 0.0
1.6892 1.9359 1.1794 22.0
1.6601 1.9163 1.1619 22.0
1.6601 1.9163 1.1619 22.0
1.9679 1.8496 1.2809 0.0
1.9679 1.8496 1.2809 0.0
1.9679 1.8496 1.2809 0.0
1.8762 1.7894 1.2107 0.0
1.8762 1.7894 1.2107 0.0
1.8762 1.7894 1.2107 0.0
1.7863 1.7333 1.1451 0.0
1.7863 1.7333 1.1451 0.0
1.7863 1.7333 1.1451 0.0
1.6975 1.6809 1.0842 0.0
1.6975 1.6809 1.0842 0.0
1.6975 1.6809 1.0842 0.0
1.638 2.0639 1.0458 22.0
1.6087 2.0442 1.0277 22.0
1.6087 2.0442 1.0277 22.0
1.5543 2.0012 1.0005 22.0
1.531 1.9775 1.1896 22.0
1.531 1.9775 1.1896 22.0
1.8957 1.5344 1.16 0.0
1.8749 1.5142 1.1483 0.0
1.8749 1.5142 1.1483 0.0
1.7957 1.8505 1.0917 22.0
1.7957 1.8505 1.0917 22.0
1.7957 1.8505 1.0917 22.0
2.8322 1.4136 1.0504 0.0
2.8322 1.4136 1.0504 0.0
2.8322 1.4136 1.0504 0.0
2.4168 1.7192 1.2754 0.0
2.4168 1.7192 1.2754 0.0
2.4168 1.7192 1.2754 0.0
2.8161 1.6555 1.2055 0.0
2.8161 1.6555 1.2055 0.0
2.8161 1.6555 1.2055 0.0
2.7251 1.5931 1.1372 0.0
2.7251 1.5931 1.1372 0.0
2.7251 1.5931 1.1372 0.0
2.638 1.5365 1.0756 0.0
2.638 1.5365 1.0756 0.0
2.638 1.5365 1.0756 0.0
2.8693 1.5006 1.0371 0.0
2.8412 1.4839 1.0192 0.0
2.8412 1.4839 1.0192 0.0
2.7773 1.543 0.9809 0.0
2.7474 1.5157 0.964 0.0
2.7474 1.5157 0.964 0.0
2.9161 1.4386 1.174 0.0
2.9161 1.4386 1.174 0.0
2.9161 1.4386 1.174 0.0
2.8234 1.3624 1.1042 0.0
2.8234 1.3624 1.1042 0.0
2.8234 1.3624 1.1042 0.0
2.761 1.3124 1.0593 0.0
2.7316 1.2891 1.0387 0.0
2.7316 1.2891 1.0387 0.0
2.6705 1.2418 0.9975 0.0
2.64 1.2187 0.9778 0.0
2.64 1.2187 0.9778 0.0
2.5787 1.1733 0.94 0.0
2.5486 1.1516 0.9224 0.0
2.5486 1.1516 0.9224 0.0
2.4565 1.0878 0.873 0.0
2.4565 1.0878 0.873 0.0
2.4565 1.0878 0.873 0.0
2.3953 1.0478 1.5031 0.0
2.365 1.0288 1.4843 0.0
2.365 1.0288 1.4843 0.0
2.304 0.9924 1.4474 0.0
2.2722 0.9745 1.4289 0.0
2.2722 0.9745 1.4289 0.0
2.1814 1.2843 1.3789 0.0
2.1814 1.2843 1.3789 0.0
2.1814 1.2843 1.3789 0.0
2.0905 1.2186 1.573 0.0
2.0905 1.2186 1.573 0.0
2.0905 1.2186 1.573 0.0
1.9988 1.156 1.5079 0.0
1.9988 1.156 1.5079 0.0
1.9988 1.156 1.5079 0.0
1.9388 1.1173 1.4669 0.0
1.9081 1.0983 1.4464 0.0
1.9081 1.0983 1.4464 0.0
1.8486 1.0633 1.408 0.0
1.7873 1.395 1.37 0.0
1.7873 1.395 1.37 0.0
1.7873 1.395 1.37 0.0
1.7258 1.3491 1.3338 0.0
1.697 1.328 1.3175 0.0
1.697 1.328 1.3175 0.0
1.6075 1.2647 1.5208 0.0
1.6075 1.2647 1.5208 0.0
1.6075 1.2647 1.5208 0.0
1.5481 1.2247 1.4761 0.0
1.5194 1.2059 1.4548 0.0
1.5194 1.2059 1.4548 0.0
1.4312 1.1513 1.3914 0.0
1.4312 1.1513 1.3914 0.0
1.4312 1.1513 1.3914 0.0
1.3728 1.8189 1.3512 22.0
1.3442 1.8021 1.3319 22.0
1.3442 1.8021 1.3319 22.0
1.7458 1.7585 1.2975 22.0
1.7458 1.7585 1.2975 22.0
1.6999 1.0195 1.2572 0.0
1.6999 1.0195 1.2572 0.0
2.1189 1.6746 1.2165 0.0
2.0919 1.6576 1.193 0.0
2.0919 1.6576 1.193 0.0
2.0366 1.6237 1.1455 0.0
2.0077 1.6065 1.1211 0.0
2.0077 1.6065 1.1211 0.0
1.9189 1.861 1.0477 0.0
1.9189 1.861 1.0477 0.0
1.9189 1.861 1.0477 0.0
1.8612 1.8186 1.0018 0.0
1.8325 1.7978 0.9795 0.0
1.8325 1.7978 0.9795 0.0
1.7757 1.7574 0.9367 0.0
2.1195 1.7377 0.9161 0.0
2.1195 1.7377 0.9161 0.0
2.0584 1.6992 0.8766 0.0
2.0286 1.6808 0.8583 0.0
2.0286 1.6808 0.8583 0.0
1.9668 1.644 0.8225 0.0
1.9365 1.6264 0.8061 0.0
1.9365 1.6264 0.8061 0.0
1.8753 1.5922 1.1014 0.0
1.8457 1.5762 1.0782 0.0
1.8457 1.5762 1.0782 0.0
1.7846 1.8455 1.0315 22.0
1.7541 1.8245 1.0087 22.0
1.7541 1.8245 1.0087 22.0
1.6976 1.7728 0.9781 22.0
1.6714 1.4661 0.9661 0.0
1.6714 1.4661 0.9661 0.0
1.618 1.429 0.9402 0.0
1.5899 1.6786 0.9247 22.0
1.5899 1.6786 0.9247 22.0
1.5309 1.635 1.2479 22.0
1.4778 1.5814 1.216 22.0
1.4778 1.5814 1.216 22.0
1.4778 1.5814 1.216 22.0
1.921 1.5276 1.1919 0.0
2.3924 1.2778 1.1826 0.0
2.3924 1.2778 1.1826 0.0
2.8483 1.432 1.3398 0.0
2.8483 1.432 1.3398 0.0
2.8483 1.432 1.3398 0.0
2.7932 1.3876 1.2896 0.0
2.7648 1.3651 1.264 0.0
2.7648 1.3651 1.264 0.0
2.6777 1.298 1.1867 0.0
2.6777 1.298 1.1867 0.0
2.6777 1.298 1.1867 0.0
3.0349 1.2349 1.1125 0.0
3.0349 1.2349 1.1125 0.0
3.0349 1.2349 1.1125 0.0
2.9456 1.1756 1.0413 0.0
2.9456 1.1756 1.0413 0.0
2.9456 1.1756 1.0413 0.0
2.8851 1.1379 0.995 0.0
2.8561 1.1206 0.9733 0.0
2.8561 1.1206 0.9733 0.0
2.7672 1.7139 0.91 0.0
2.7672 1.7139 0.91 0.0
2.7672 1.7139 0.91 0.0
2.6781 1.6523 0.8517 0.0
2.6781 1.6523 0.8517 0.0
2.6781 1.6523 0.8517 0.0
2.5896 1.594 0.8003 0.0
2.5896 1.594 0.8003 0.0
2.5896 1.594 0.8003 0.0
2.5309 1.557 1.1702 0.0
2.5025 1.5397 1.1492 0.0
2.5025 1.5397 1.1492 0.0
2.4423 1.5042 1.106 0.0
2.4127 1.4873 1.0854 0.0
2.4127 1.4873 1.0854 0.0
2.3255 1.6258 1.0277 0.0
2.3255 1.6258 1.0277 0.0
2.3255 1.6258 1.0277 0.0
2.2667 1.5812 0.9916 0.0
2.2377 1.5596 0.9747 0.0
2.2377 1.5596 0.9747 0.0
2.1512 1.4968 1.3238 0.0
2.1512 1.4968 1.3238 0.0
2.1512 1.4968 1.3238 0.0
2.0926 1.4558 1.2814 0.0
2.0642 1.4364 1.2614 0.0
2.0642 1.4364 1.2614 0.0
1.9795 1.381 1.2043 0.0
1.9795 1.381 1.2043 0.0
1.9795 1.381 1.2043 0.0
2.3937 1.329 1.151 0.0
2.3937 1.329 1.151 0.0
2.3937 1.329 1.151 0.0
2.3032 1.476 1.1031 0.0
2.3032 1.476 1.1031 0.0
2.3032 1.476 1.1031 0.0
2.2424 1.4302 1.4594 0.0
2.2109 1.407 1.4386 0.0
2.2109 1.407 1.4386 0.0
2.1202 1.3421 1.3808 0.0
2.1202 1.3421 1.3808 0.0
2.1202 1.3421 1.3808 0.0
2.0601 1.3009 1.3446 0.0
2.0011 1.262 1.3108 0.0
2.0011 1.262 1.3108 0.0
2.0011 1.262 1.3108 0.0
1.9404 1.2238 1.2781 0.0
1.9095 1.205 1.456 0.0
1.9095 1.205 1.456 0.0
1.8497 1.1703 1.404 0.0
1.8187 1.1532 1.3775 0.0
1.8187 1.1532 1.3775 0.0
1.7585 1.7583 1.3262 0.0
1.7285 1.7379 1.3011 22.0
1.7285 1.7379 1.3011 22.0
1.6724 1.6939 1.2575 22.0
1.6468 1.6695 1.24 22.0
1.6468 1.6695 1.24 22.0
2.1299 1.5961 1.1964 0.0
2.1299 1.5961 1.1964 0.0
2.1299 1.5961 1.1964 0.0
2.0487 1.5385 1.1452 0.0
2.0487 1.5385 1.1452 0.0
2.0487 1.5385 1.1452 0.0
1.9594 1.4779 1.0934 0.0
1.9594 1.4779 1.0934 0.0
1.9594 1.4779 1.0934 0.0
1.8984 1.4384 1.0611 0.0
1.8373 1.4003 1.3114 0.0
1.8373 1.4003 1.3114 0.0
1.8373 1.4003 1.3114 0.0
1.7485 1.3482 1.2338 0.0
1.7485 1.3482 1.2338 0.0
1.7485 1.3482 1.2338 0.0
1.6887 1.9192 1.1826 22.0
1.6582 1.8974 1.1568 22.0
1.6582 1.8974 1.1568 22.0
1.6015 1.8508 1.1124 22.0
1.576 1.8258 1.0947 22.0
1.576 1.8258 1.0947 22.0
2.1036 1.1846 1.0497 0.0
2.1036 1.1846 1.0497 0.0
2.1036 1.1846 1.0497 0.0
2.0231 1.6898 0.9994 0.0
2.0231 1.6898 0.9994 0.0
2.0231 1.6898 0.9994 0.0
1.965 1.6469 0.9658 0.0
1.9351 1.6252 0.9495 0.0
1.9351 1.6252 0.9495 0.0
1.8473 1.5632 1.2715 0.0
1.8473 1.5632 1.2715 0.0
1.8473 1.5632 1.2715 0.0
1.7884 1.5231 1.2195 0.0
1.7287 1.4839 1.1676 0.0
1.7287 1.4839 1.1676 0.0
1.7287 1.4839 1.1676 0.0
1.6407 1.4288 1.0927 0.0
1.6407 1.4288 1.0927 0.0
1.6407 1.4288 1.0927 0.0
1.553 1.3776 1.0205 0.0
1.553 1.3776 1.0205 0.0
1.553 1.3776 1.0205 0.0
1.4662 1.8748 0.9521 22.0
1.4662 1.8748 0.9521 22.0
1.4662 1.8748 0.9521 22.0
2.0108 1.7948 0.9064 0.0
2.0108 1.7948 0.9064 0.0
2.0108 1.7948 0.9064 0.0
1.9529 1.75 0.8723 0.0
1.9232 1.7274 0.8559 0.0
1.9232 1.7274 0.8559 0.0
1.8643 1.6832 1.2564 0.0
1.8346 1.6613 1.2298 0.0
1.8346 1.6613 1.2298 0.0
1.7756 1.6186 1.1774 0.0
1.7442 1.5964 1.1498 0.0
1.7442 1.5964 1.1498 0.0
1.6577 1.5368 1.0751 0.0
1.6577 1.5368 1.0751 0.0
1.6577 1.5368 1.0751 0.0
1.5997 1.4984 1.0262 0.0
1.5705 1.4796 1.0021 0.0
1.5705 1.4796 1.0021 0.0
1.485 1.4269 0.9334 0.0
1.485 1.4269 0.9334 0.0
1.485 1.4269 0.9334 0.0
1.3995 1.898 0.8684 22.0
1.3995 1.898 0.8684 22.0
1.3995 1.898 0.8684 22.0
1.9849 1.3354 0.8398 0.0
1.9584 1.3147 0.828 0.0
1.9584 1.3147 0.828 0.0
1.8781 1.7452 1.2558 0.0
1.8781 1.7452 1.2558 0.0
1.8781 1.7452 1.2558 0.0
1.8206 1.6974 1.2049 0.0
1.792 1.6739 1.1799 0.0
1.792 1.6739 1.1799 0.0
2.3966 1.628 1.1312 0.0
2.365 1.6038 1.1056 0.0
2.365 1.6038 1.1056 0.0
2.2775 1.5382 1.0367 0.0
2.2775 1.5382 1.0367 0.0
2.2775 1.5382 1.0367 0.0
2.2185 1.4955 0.9922 0.0
2.1868 1.4731 0.9691 0.0
2.1868 1.4731 0.9691 0.0
2.1282 1.4326 0.9277 0.0
2.0992 1.4131 0.9081 0.0
2.0992 1.4131 0.9081 0.0
2.0117 1.3566 0.8527 0.0
2.0117 1.3566 0.8527 0.0
2.0117 1.3566 0.8527 0.0
1.9529 1.3208 0.819 0.0
1.9247 1.3042 1.2944 0.0
1.9247 1.3042 1.2944 0.0
1.8382 1.7252 1.217 0.0
1.8382 1.7252 1.217 0.0
1.8382 1.7252 1.217 0.0
1.7812 1.6787 1.1669 0.0
1.7531 1.656 1.1425 0.0
1.7531 1.656 1.1425 0.0
2.3578 1.611 1.0942 0.0
2.3284 1.5889 1.0706 0.0
2.3284 1.5889 1.0706 0.0
2.2396 1.5239 1.0014 0.0
2.2396 1.5239 1.0014 0.0
2.2396 1.5239 1.0014 0.0
2.1508 1.4618 0.9362 0.0
2.1508 1.4618 0.9362 0.0
2.1508 1.4618 0.9362 0.0
2.0921 1.4223 0.8956 0.0
2.063 1.4034 0.8764 0.0
2.063 1.4034 0.8764 0.0
1.9753 1.3486 0.8224 0.0
1.9753 1.3486 0.8224 0.0
1.9753 1.3486 0.8224 0.0
1.9168 1.3143 0.7903 0.0
1.8881 1.7874 1.2583 0.0
1.8881 1.7874 1.2583 0.0
1.8016 1.7362 1.1812 0.0
1.8016 1.7362 1.1812 0.0
1.8016 1.7362 1.1812 0.0
1.7159 2.1381 1.1067 22.0
1.7159 2.1381 1.1067 22.0
1.7159 2.1381 1.1067 22.0
1.9002 2.0867 1.0695 22.0
1.8736 1.6291 1.0528 0.0
1.8736 1.6291 1.0528 0.0
1.7965 1.5759 1.0061 0.0
1.7965 1.5759 1.0061 0.0
1.7965 1.5759 1.0061 0.0
1.7155 1.9245 0.957 22.0
1.7155 1.9245 0.957 22.0
1.7155 1.9245 0.957 22.0
1.973 1.4923 1.4705 0.0
1.9473 1.4738 1.4533 0.0
1.9473 1.4738 1.4533 0.0
1.8629 1.7796 1.3912 0.0
1.8629 1.7796 1.3912 0.0
1.8629 1.7796 1.3912 0.0
1.7738 1.7084 1.3285 0.0
1.7738 1.7084 1.3285 0.0
1.7738 1.7084 1.3285 0.0
1.6821 1.6371 1.2675 0.0
1.6821 1.6371 1.2675 0.0
1.6821 1.6371 1.2675 0.0
1.6223 1.5918 1.2299 0.0
1.5937 1.5704 1.2126 0.0
1.5937 1.5704 1.2126 0.0
1.5053 1.5061 1.1622 22.0
1.5053 1.5061 1.1622 22.0
1.5053 1.5061 1.1622 22.0
1.4503 1.4543 1.2064 22.0
2.1264 1.4305 1.1881 0.0
2.1264 1.4305 1.1881 0.0
2.3988 1.3641 1.1363 0.0
2.3988 1.3641 1.1363 0.0
2.3988 1.3641 1.1363 0.0
2.3146 1.3015 1.082 0.0
2.3146 1.3015 1.082 0.0
2.3146 1.3015 1.082 0.0
2.255 1.2589 1.0462 0.0
2.2239 1.2374 1.0285 0.0
2.2239 1.2374 1.0285 0.0
2.1366 1.1793 1.122 0.0
2.1366 1.1793 1.122 0.0
2.1366 1.1793 1.122 0.0
2.0779 1.1426 1.0725 0.0
2.0482 1.1249 1.048 0.0
2.0482 1.1249 1.048 0.0
1.9619 1.5115 0.9785 0.0
1.9619 1.5115 0.9785 0.0
1.9619 1.5115 0.9785 0.0
1.874 1.452 0.9114 0.0
1.874 1.452 0.9114 0.0
1.874 1.452 0.9114 0.0
1.8165 1.4149 0.87 0.0
1.7876 1.3968 0.8501 0.0
1.7876 1.3968 0.8501 0.0
2.0966 1.3626 0.8129 0.0
2.0966 1.3626 0.8129 0.0
2.0372 1.7651 0.7791 0.0
2.0372 1.7651 0.7791 0.0
1.9476 1.7077 1.3306 0.0
1.9476 1.7077 1.3306 0.0
1.9476 1.7077 1.3306 0.0
1.8875 1.6709 1.2854 0.0
1.8583 1.6535 1.2639 0.0
1.8583 1.6535 1.2639 0.0
1.769 1.6027 1.2004 0.0
1.769 1.6027 1.2004 0.0
1.769 1.6027 1.2004 0.0
1.681 1.9832 1.1416 22.0
1.681 1.9832 1.1416 22.0
1.681 1.9832 1.1416 22.0
1.6239 1.9411 1.1096 22.0
1.597 1.918 1.0977 22.0
1.597 1.918 1.0977 22.0
1.9128 1.4488 1.2175 0.0
1.9128 1.4488 1.2175 0.0
1.9128 1.4488 1.2175 0.0
1.8582 1.8162 1.1772 0.0
1.8296 1.7967 1.1566 0.0
1.8296 1.7967 1.1566 0.0
1.7705 1.7575 1.1154 0.0
1.7418 1.7388 1.096 0.0
1.7418 1.7388 1.096 0.0
1.6831 1.7015 1.0578 22.0
1.6511 1.6818 1.0379 22.0
1.6511 1.6818 1.0379 22.0
1.9904 1.6229 1.2197 0.0
1.9904 1.6229 1.2197 0.0
1.9904 1.6229 1.2197 0.0
1.9025 1.5708 1.1503 0.0
1.9025 1.5708 1.1503 0.0
1.9025 1.5708 1.1503 0.0
1.8428 1.5375 1.1049 0.0
1.814 1.9039 1.0835 22.0
1.814 1.9039 1.0835 22.0
1.7298 1.841 1.0266 22.0
1.7298 1.841 1.0266 22.0
1.7298 1.841 1.0266 22.0
1.9573 1.7952 0.9998 0.0
1.9314 1.4198 0.9889 0.0
1.9314 1.4198 0.9889 0.0
1.8753 1.7359 1.226 0.0
1.8457 1.7158 1.2034 0.0
1.8457 1.7158 1.2034 0.0
1.784 1.675 1.1575 0.0
1.7531 1.655 1.1351 0.0
1.7531 1.655 1.1351 0.0
1.6583 1.5957 1.0689 0.0
1.6583 1.5957 1.0689 0.0
1.6583 1.5957 1.0689 0.0
1.5666 1.5419 1.0093 0.0
1.5666 1.5419 1.0093 0.0
1.5666 1.5419 1.0093 0.0
1.5048 1.5077 0.9721 22.0
1.4723 2.1921 0.9535 22.0
1.4723 2.1921 0.9535 22.0
1.4154 1.45 1.2184 22.0
1.3879 1.4304 1.1998 22.0
1.3879 1.4304 1.1998 22.0
1.3156 1.3795 1.1534 22.0
1.3156 1.3795 1.1534 22.0
1.3156 1.3795 1.1534 22.0
1.7023 1.3365 1.1172 0.0
1.7023 1.3365 1.1172 0.0
1.7023 1.3365 1.1172 0.0
1.6501 1.305 1.2068 0.0
1.6242 1.2899 1.1833 0.0
1.6242 1.2899 1.1833 0.0
1.5692 1.259 1.134 0.0
1.5401 1.2433 1.1081 0.0
1.5401 1.2433 1.1081 0.0
1.4798 1.8832 1.0551 22.0
1.4482 1.864 1.0277 22.0
1.4482 1.864 1.0277 22.0
1.3651 1.7986 0.9661 22.0
1.3651 1.7986 0.9661 22.0
1.3651 1.7986 0.9661 22.0
1.2935 1.0949 0.9179 0.0
1.2935 1.0949 0.9179 0.0
1.2935 1.0949 0.9179 0.0
1.2383 1.7017 0.8799 22.0
1.211 1.6827 0.8619 22.0
1.211 1.6827 0.8619 22.0
1.1636 1.6389 0.8396 22.0
1.1429 1.6189 1e+20 22.0
1.1429 1.6189 1e+20 22.0
1.6145 1.581 1.1051 0.0
1.6145 1.581 1.1051 0.0
1.5715 1.5445 1.0661 0.0
1.5715 1.5445 1.0661 0.0
1.4913 1.4839 0.9932 0.0
1.4913 1.4839 0.9932 0.0
1.4913 1.4839 0.9932 0.0
1.4374 1.4444 0.9451 22.0
1.4095 1.4243 0.9204 22.0
1.4095 1.4243 0.9204 22.0
1.887 1.3781 0.8838 0.0
1.8649 1.3567 0.8687 0.0
1.8649 1.3567 0.8687 0.0
2.3977 1.2977 0.8192 0.0
2.3977 1.2977 0.8192 0.0
2.3977 1.2977 0.8192 0.0
2.3111 1.2378 0.7649 0.0
2.3111 1.2378 0.7649 0.0
2.3111 1.2378 0.7649 0.0
2.2206 1.179 1.1271 0.0
2.2206 1.179 1.1271 0.0
2.2206 1.179 1.1271 0.0
2.1574 1.1406 1.0755 0.0
2.1276 1.1234 1.0517 0.0
2.1276 1.1234 1.0517 0.0
2.0379 1.6346 0.9823 0.0
2.0379 1.6346 0.9823 0.0
2.0379 1.6346 0.9823 0.0
1.9492 1.5672 0.9176 0.0
1.9492 1.5672 0.9176 0.0
1.9492 1.5672 0.9176 0.0
1.8897 1.5233 0.8769 0.0
1.8593 1.5013 0.857 0.0
1.8593 1.5013 0.857 0.0
1.7713 1.4396 0.8038 0.0
1.7713 1.4396 0.8038 0.0
1.7713 1.4396 0.8038 0.0
1.6823 1.3804 1.153 0.0
1.6823 1.3804 1.153 0.0
1.6823 1.3804 1.153 0.0
1.596 1.3265 1.0833 0.0
1.596 1.3265 1.0833 0.0
1.596 1.3265 1.0833 0.0
1.5074 1.8355 1.0148 22.0
1.5074 1.8355 1.0148 22.0
1.5074 1.8355 1.0148 22.0
2.0433 1.7642 0.9674 0.0
2.0433 1.7642 0.9674 0.0
2.0433 1.7642 0.9674 0.0
1.9836 1.7182 0.9318 0.0
1.9528 1.6949 0.9146 0.0
1.9528 1.6949 0.9146 0.0
1.8928 1.6501 1.2966 0.0
1.8633 1.6285 1.2703 0.0
1.8633 1.6285 1.2703 0.0
1.8038 1.5857 1.2174 0.0
1.772 1.5633 1.1896 0.0
1.772 1.5633 1.1896 0.0
1.6837 1.5031 1.1134 0.0
1.6837 1.5031 1.1134 0.0
1.6837 1.5031 1.1134 0.0
1.6235 1.4639 1.0627 0.0
1.5941 1.4452 1.0384 0.0
1.5941 1.4452 1.0384 0.0
1.5073 1.3927 0.9687 0.0
1.5073 1.3927 0.9687 0.0
1.5073 1.3927 0.9687 0.0
1.4178 1.8713 0.9005 22.0
1.4178 1.8713 0.9005 22.0
1.4178 1.8713 0.9005 22.0
1.9948 1.8238 0.8662 0.0
1.9699 1.7994 0.8548 0.0
1.9699 1.7994 0.8548 0.0
1.9196 1.7542 0.8311 0.0
1.8903 1.731 1.2727 0.0
1.8903 1.731 1.2727 0.0
1.8019 1.6623 1.1938 0.0
1.8019 1.6623 1.1938 0.0
1.8019 1.6623 1.1938 0.0
1.743 1.6177 1.1423 0.0
1.7137 1.5959 1.117 0.0
1.7137 1.5959 1.117 0.0
1.6555 1.5535 1.0675 0.0
1.6265 1.5327 1.0432 0.0
1.6265 1.5327 1.0432 0.0
2.19 1.4726 0.9728 0.0
2.19 1.4726 0.9728 0.0
2.19 1.4726 0.9728 0.0
2.1295 1.4345 0.9281 0.0
2.0997 1.4164 0.9068 0.0
2.0997 1.4164 0.9068 0.0
2.0395 1.381 0.8656 0.0
2.0053 1.3618 0.8432 0.0
2.0053 1.3618 0.8432 0.0
1.945 1.826 0.8062 0.0
1.9159 1.8033 0.7894 0.0
1.9159 1.8033 0.7894 0.0
1.8562 1.7576 1.2287 0.0
1.8265 1.7351 1.2017 0.0
1.8265 1.7351 1.2017 0.0
1.7671 1.691 1.1483 0.0
1.7377 1.6696 1.1222 0.0
1.7377 1.6696 1.1222 0.0
1.6475 1.6054 1.0432 0.0
1.6475 1.6054 1.0432 0.0
1.6475 1.6054 1.0432 0.0
1.56 1.5459 0.9691 0.0
1.56 1.5459 0.9691 0.0
1.56 1.5459 0.9691 0.0
1.5012 1.5075 0.9208 22.0
1.4719 1.4889 0.8973 22.0
1.4719 1.4889 0.8973 22.0
2.0476 1.4287 0.8462 0.0
2.0476 1.4287 0.8462 0.0
2.0476 1.4287 0.8462 0.0
1.9693 1.373 0.8017 0.0
1.9693 1.373 0.8017 0.0
1.9693 1.373 0.8017 0.0
1.8821 1.3213 1.2476 0.0
1.8821 1.3213 1.2476 0.0
1.8821 1.3213 1.2476 0.0
1.8236 1.7489 1.1952 0.0
1.7942 1.7246 1.1692 0.0
1.7942 1.7246 1.1692 0.0
2.3752 1.6552 1.095 0.0
2.3752 1.6552 1.095 0.0
2.3752 1.6552 1.095 0.0
2.2851 1.587 1.0225 0.0
2.2851 1.587 1.0225 0.0
2.2851 1.587 1.0225 0.0
2.2247 1.5426 0.9759 0.0
2.1947 1.5211 0.9534 0.0
2.1947 1.5211 0.9534 0.0
2.1055 1.4589 0.8896 0.0
2.1055 1.4589 0.8896 0.0
2.1055 1.4589 0.8896 0.0
2.046 1.4192 0.85 0.0
1.9881 1.3821 0.8141 0.0
1.9881 1.3821 0.8141 0.0
1.9881 1.3821 0.8141 0.0
1.9003 1.3292 1.2645 0.0
1.9003 1.3292 1.2645 0.0
1.9003 1.3292 1.2645 0.0
1.8419 1.7824 1.2121 0.0
1.8123 1.7644 1.1857 0.0
1.8123 1.7644 1.1857 0.0
1.7542 1.7303 1.1348 0.0
1.971 2.2012 1.11 22.0
1.971 2.2012 1.11 22.0
1.8859 1.6564 1.0507 0.0
1.8859 1.6564 1.0507 0.0
1.8859 1.6564 1.0507 0.0
1.8332 1.6199 1.0172 0.0
1.803 1.6032 0.9968 0.0
1.803 1.6032 0.9968 0.0
1.7432 2.0452 0.958 22.0
1.7135 2.0277 0.9396 22.0
1.7135 2.0277 0.9396 22.0
1.6359 1.9682 1.4365 22.0
1.6359 1.9682 1.4365 22.0
1.6359 1.9682 1.4365 22.0
1.8787 1.448 1.3967 0.0
1.8787 1.448 1.3967 0.0
1.8787 1.448 1.3967 0.0
1.8333 1.4152 1.3696 0.0
1.7795 1.8346 1.3338 22.0
1.7795 1.8346 1.3338 22.0
1.7795 1.8346 1.3338 22.0
1.7266 1.7941 1.3043 22.0
1.7051 1.7731 1.2957 22.0
1.7051 1.7731 1.2957 22.0
2.0027 1.2792 1.3893 0.0
2.0027 1.2792 1.3893 0.0
2.0027 1.2792 1.3893 0.0
1.9527 1.6762 1.3525 0.0
1.9265 1.6584 1.3335 0.0
1.9265 1.6584 1.3335 0.0
1.8424 1.6031 1.2748 0.0
1.8424 1.6031 1.2748 0.0
1.8424 1.6031 1.2748 0.0
1.7824 1.5653 1.2349 0.0
1.7532 1.5475 1.2162 0.0
1.7532 1.5475 1.2162 0.0
1.6888 1.5095 1.1766 0.0
1.6598 1.4931 1.1596 0.0
1.6598 1.4931 1.1596 0.0
1.5735 1.8608 1.2675 22.0
1.5735 1.8608 1.2675 22.0
1.5735 1.8608 1.2675 22.0
1.9029 1.8178 1.2251 0.0
1.8775 1.7942 1.2096 0.0
1.8775 1.7942 1.2096 0.0
1.8255 1.7511 1.1766 0.0
1.7956 1.731 1.1561 0.0
1.7956 1.731 1.1561 0.0
1.7369 1.6924 1.1171 0.0
1.7075 1.6735 1.0984 0.0
1.7075 1.6735 1.0984 0.0
1.6203 1.6196 1.046 0.0
1.6203 1.6196 1.046 0.0
1.6203 1.6196 1.046 0.0
1.534 1.9723 1.1943 22.0
1.534 1.9723 1.1943 22.0
1.534 1.9723 1.1943 22.0
1.8914 1.5256 1.1597 0.0
1.8675 1.5036 1.1458 0.0
1.8675 1.5036 1.1458 0.0
1.8107 1.4707 1.1054 0.0
1.7815 1.834 1.0853 22.0
1.7815 1.834 1.0853 22.0
2.162 1.7886 1.0539 0.0
2.1373 1.3975 1.0445 0.0
2.1373 1.3975 1.0445 0.0
2.0795 1.7225 1.0135 0.0
2.0795 1.7225 1.0135 0.0
2.0199 1.6806 1.2272 0.0
2.0199 1.6806 1.2272 0.0
1.9544 1.6361 1.1759 0.0
1.9239 1.6159 1.1525 0.0
1.9239 1.6159 1.1525 0.0
1.8362 1.5598 1.0877 0.0
1.8362 1.5598 1.0877 0.0
1.8362 1.5598 1.0877 0.0
1.749 1.5075 1.0273 0.0
1.749 1.5075 1.0273 0.0
1.749 1.5075 1.0273 0.0
1.6915 1.8346 0.99 22.0
1.6915 1.8346 0.99 22.0
2.8874 1.7893 0.963 0.0
2.8874 1.7893 0.963 0.0
2.41 1.7437 1.2086 0.0
2.3821 1.7233 1.1863 0.0
2.3821 1.7233 1.1863 0.0
2.7378 1.6814 1.141 0.0
2.7068 1.6608 1.1188 0.0
2.7068 1.6608 1.1188 0.0
2.6134 1.601 1.0548 0.0
2.6134 1.601 1.0548 0.0
2.6134 1.601 1.0548 0.0
2.5518 1.5634 1.0152 0.0
2.5208 1.545 0.9961 0.0
2.5208 1.545 0.9961 0.0
2.4599 1.5103 0.9606 0.0
2.43 1.4938 0.9441 0.0
2.43 1.4938 0.9441 0.0
2.3687 1.8009 1.2001 0.0
2.3373 1.7792 1.1754 0.0
2.3373 1.7792 1.1754 0.0
2.247 1.7185 1.1062 0.0
2.247 1.7185 1.1062 0.0
2.247 1.7185 1.1062 0.0
2.1856 1.6788 1.061 0.0
2.1555 1.6598 1.0396 0.0
2.1555 1.6598 1.0396 0.0
2.0954 1.6229 0.998 0.0
2.0661 1.6055 0.9786 0.0
2.0661 1.6055 0.9786 0.0
2.0058 1.5708 0.9402 0.0
1.9757 1.5541 0.9219 0.0
1.9757 1.5541 0.9219 0.0
1.9155 1.5788 0.8875 0.0
1.8864 1.5539 0.8719 0.0
1.8864 1.5539 0.8719 0.0
1.8266 1.5034 1.5119 0.0
1.7966 1.4783 1.4931 0.0
1.7966 1.4783 1.4931 0.0
1.7361 1.4283 1.4563 0.0
1.7067 1.4043 1.4391 0.0
1.7067 1.4043 1.4391 0.0
1.6167 1.3324 1.3891 0.0
1.6167 1.3324 1.3891 0.0
1.6167 1.3324 1.3891 0.0
1.5278 1.2637 2.0108 -22.0
1.5278 1.2637 2.0108 -22.0
1.5278 1.2637 2.0108 -22.0
1.4464 1.2098 1.9499 -22.0
1.4464 1.2098 1.9499 -22.0
1.4464 1.2098 1.9499 -22.0
1.8522 1.1735 1.2462 0.0
1.8522 1.1735 1.2462 0.0
1.8522 1.1735 1.2462 0.0
1.7674 1.3042 1.8377 -22.0
1.7674 1.3042 1.8377 -22.0
1.7674 1.3042 1.8377 -22.0
1.6928 1.2458 1.7754 -22.0
1.6928 1.2458 1.7754 -22.0
1.6928 1.2458 1.7754 -22.0
1.6505 1.2145 1.7383 -22.0
1.6313 1.2008 1.7209 -22.0
1.6313 1.2008 1.7209 -22.0
2.1519 1.1666 1.0764 0.0
2.1519 1.1666 1.0764 0.0
2.1519 1.1666 1.0764 0.0
2.0885 1.1284 1.6207 0.0
2.0885 1.1284 1.6207 0.0
2.0885 1.1284 1.6207 0.0
2.0126 1.0838 1.5646 0.0
2.0126 1.0838 1.5646 0.0
2.0126 1.0838 1.5646 0.0
1.9577 1.4041 1.5251 0.0
1.9287 1.3783 1.5046 0.0
1.9287 1.3783 1.5046 0.0
1.8683 1.3249 1.463 0.0
1.8395 1.2997 1.4438 0.0
1.8395 1.2997 1.4438 0.0
1.7804 1.2486 1.4052 0.0
1.7804 1.2486 1.4052 0.0
1.7197 1.1969 1.3672 0.0
1.7197 1.1969 1.3672 0.0
1.6603 1.1472 1.3318 0.0
1.63 1.1224 1.3145 0.0
1.63 1.1224 1.3145 0.0
1.5429 1.0527 1.8383 -22.0
1.5429 1.0527 1.8383 -22.0
1.5429 1.0527 1.8383 -22.0
2.0804 1.0094 1.2122 0.0
2.0804 1.0094 1.2122 0.0
2.0804 1.0094 1.2122 0.0
2.0039 0.9667 1.7033 0.0
2.0039 0.9667 1.7033 0.0
2.0039 0.9667 1.7033 0.0
1.9161 1.3261 1.6364 0.0
1.9161 1.3261 1.6364 0.0
1.9161 1.3261 1.6364 0.0
1.8267 1.2469 1.5706 0.0
1.8267 1.2469 1.5706 0.0
1.8267 1.2469 1.5706 0.0
1.767 1.1948 1.528 0.0
1.7369 1.1689 1.5071 0.0
1.7369 1.1689 1.5071 0.0
1.6498 1.0955 1.4484 0.0
1.6498 1.0955 1.4484 0.0
1.6498 1.0955 1.4484 0.0
1.563 1.0249 1.3933 0.0
1.563 1.0249 1.3933 0.0
1.563 1.0249 1.3933 0.0
2.3308 0.9589 1.3429 0.0
2.3308 0.9589 1.3429 0.0
2.3308 0.9589 1.3429 0.0
2.2421 0.8964 1.8209 0.0
2.2421 0.8964 1.8209 0.0
2.2421 0.8964 1.8209 0.0
2.1827 0.8575 1.7763 0.0
2.1544 0.8399 1.7554 0.0
2.1544 0.8399 1.7554 0.0
2.0957 0.8058 1.713 0.0
2.0667 1.2253 1.6924 0.0
2.0667 1.2253 1.6924 0.0
2.0085 1.1706 1.6518 0.0
1.9797 1.1439 1.6322 0.0
1.9797 1.1439 1.6322 0.0
1.9215 1.0901 1.5935 0.0
1.8923 1.0634 1.5746 0.0
1.8923 1.0634 1.5746 0.0
1.8021 0.9823 1.5186 0.0
1.8021 0.9823 1.5186 0.0
1.8021 0.9823 1.5186 0.0
2.0213 0.9067 1.4684 0.0
2.0213 0.9067 1.4684 0.0
2.0213 0.9067 1.4684 0.0
1.9309 0.8364 1.4471 0.0
1.9309 0.8364 1.4471 0.0
1.9309 0.8364 1.4471 0.0
1.839 0.7697 1.3792 0.0
1.839 0.7697 1.3792 0.0
1.839 0.7697 1.3792 0.0
1.7492 0.7104 1.3159 0.0
1.7492 0.7104 1.3159 0.0
1.7492 0.7104 1.3159 0.0
1.6559 1.1253 1.2538 0.0
1.6559 1.1253 1.2538 0.0
1.6559 1.1253 1.2538 0.0
1.5953 1.0849 1.2158 0.0
1.5661 1.0662 1.1981 0.0
1.5661 1.0662 1.1981 0.0
1.506 1.0293 1.1633 0.0
1.4762 1.0119 1.147 0.0
1.4762 1.0119 1.147 0.0
1.413 1.4431 1.1701 22.0
1.3838 1.4242 1.1457 22.0
1.3838 1.4242 1.1457 22.0
1.658 1.3562 1.098 0.0
1.658 1.3562 1.098 0.0
1.658 1.3562 1.098 0.0
1.5794 1.2972 1.05 0.0
1.5794 1.2972 1.05 0.0
1.5794 1.2972 1.05 0.0
1.5204 1.2594 1.0131 0.0
1.4897 1.2405 0.9949 0.0
1.4897 1.2405 0.9949 0.0
1.4002 1.1883 0.9454 0.0
1.4002 1.1883 0.9454 0.0
1.4002 1.1883 0.9454 0.0
1.3375 2.9815 1.0309 22.0
1.3042 2.9517 1.0027 22.0
1.3042 2.9517 1.0027 22.0
1.225 2.8689 0.943 22.0
1.225 2.8689 0.943 22.0
1.225 2.8689 0.943 22.0
1.5674 2.8154 0.9175 22.0
1.5674 2.8154 0.9175 22.0
1.522 2.7615 0.8998 22.0
1.522 2.7615 0.8998 22.0
1.4849 0.9685 1.1178 0.0
1.4684 0.95 1.1061 0.0
1.4684 0.95 1.1061 0.0
1.4234 3.2071 1.0679 22.0
1.3997 3.1841 1.048 22.0
1.3997 3.1841 1.048 22.0
1.7737 3.1356 1.0132 22.0
1.7522 3.1112 1.0002 22.0
1.7522 3.1112 1.0002 22.0
1.6942 1.5164 0.9706 0.0
1.6942 1.5164 0.9706 0.0
1.6942 1.5164 0.9706 0.0
1.9529 1.4858 0.9504 0.0
1.9285 2.1736 0.9375 22.0
1.9285 2.1736 0.9375 22.0
1.8768 2.1454 1.1926 22.0
1.8522 2.1268 1.177 22.0
1.8522 2.1268 1.177 22.0
1.8062 2.0896 1.1506 22.0
1.7842 1.3768 1.1394 0.0
1.7842 1.3768 1.1394 0.0
1.7418 1.3404 1.1205 0.0
1.7418 1.3404 1.1205 0.0
1.6919 2.0006 1.0904 22.0
1.6919 2.0006 1.0904 22.0
1.6431 1.9646 1.067 22.0
1.622 1.2636 1.3941 0.0
1.622 1.2636 1.3941 0.0
1.557 1.8962 1.3493 22.0
1.557 1.8962 1.3493 22.0
1.557 1.8962 1.3493 22.0
1.9608 1.8581 1.3276 0.0
1.938 1.1708 1.3183 0.0
1.938 1.1708 1.3183 0.0
1.8625 1.7898 1.276 0.0
1.8625 1.7898 1.276 0.0
1.8625 1.7898 1.276 0.0
1.7799 1.7388 1.3583 0.0
1.7799 1.7388 1.3583 0.0
1.7799 1.7388 1.3583 0.0
1.6902 1.6863 1.2804 0.0
1.6902 1.6863 1.2804 0.0
1.6902 1.6863 1.2804 0.0
1.5998 2.3 1.2035 22.0
1.5998 2.3 1.2035 22.0
1.5998 2.3 1.2035 22.0
1.5202 1.5723 1.1488 22.0
1.5202 1.5723 1.1488 22.0
1.5202 1.5723 1.1488 22.0
1.449 1.506 1.1078 22.0
1.449 1.506 1.1078 22.0
1.449 1.506 1.1078 22.0
1.9421 1.462 1.0877 0.0
1.9179 1.4403 1.0797 0.0
1.9179 1.4403 1.0797 0.0
1.871 1.4109 1.3445 0.0
1.8466 1.3961 1.3229 0.0
1.8466 1.3961 1.3229 0.0
1.7941 1.365 1.2767 0.0
1.767 1.3495 1.253 0.0
1.767 1.3495 1.253 0.0
1.6808 1.906 1.179 22.0
1.6808 1.906 1.179 22.0
1.6808 1.906 1.179 22.0
1.6255 1.2595 1.1384 0.0
1.5994 1.2379 1.1205 0.0
1.5994 1.2379 1.1205 0.0
2.1501 1.2022 1.0854 0.0
2.122 1.7587 1.0661 0.0
2.122 1.7587 1.0661 0.0
2.0328 1.6934 1.0079 0.0
2.0328 1.6934 1.0079 0.0
2.0328 1.6934 1.0079 0.0
1.9699 1.6487 0.9698 0.0
1.9408 1.6284 0.9532 0.0
1.9408 1.6284 0.9532 0.0
1.8504 1.5674 1.2736 0.0
1.8504 1.5674 1.2736 0.0
1.8504 1.5674 1.2736 0.0
1.7585 1.5085 1.1917 0.0
1.7585 1.5085 1.1917 0.0
1.7585 1.5085 1.1917 0.0
1.6986 1.4721 1.1392 0.0
1.6675 1.4538 1.1123 0.0
1.6675 1.4538 1.1123 0.0
1.6076 1.4199 1.0613 0.0
1.5787 2.4566 1.037 22.0
1.5787 2.4566 1.037 22.0
1.5193 2.4152 0.988 22.0
1.4925 2.39 0.9692 22.0
1.4925 2.39 0.9692 22.0
2.0432 1.789 0.9225 0.0
2.0432 1.789 0.9225 0.0
2.0432 1.789 0.9225 0.0
1.9574 2.2526 0.8698 22.0
1.9574 2.2526 0.8698 22.0
1.9574 2.2526 0.8698 22.0
1.905 1.7015 1.2946 0.0
1.88 1.6812 1.2738 0.0
1.88 1.6812 1.2738 0.0
2.054 1.6465 1.2329 0.0
1.9973 2.0887 1.1881 22.0
1.9973 2.0887 1.1881 22.0
1.9973 2.0887 1.1881 22.0
1.915 1.5611 1.1318 0.0
1.915 1.5611 1.1318 0.0
1.915 1.5611 1.1318 0.0
1.8581 1.972 1.092 22.0
1.8292 1.9496 1.0724 22.0
1.8292 1.9496 1.0724 22.0
1.7506 1.4564 1.0345 0.0
1.7506 1.4564 1.0345 0.0
1.7506 1.4564 1.0345 0.0
1.9561 1.8017 1.4955 0.0
1.9561 1.8017 1.4955 0.0
1.9561 1.8017 1.4955 0.0
1.864 1.7313 1.4251 0.0
1.864 1.7313 1.4251 0.0
1.864 1.7313 1.4251 0.0
1.7731 1.664 1.3582 0.0
1.7731 1.664 1.3582 0.0
1.7731 1.664 1.3582 0.0
1.6812 1.5984 1.2937 0.0
1.6812 1.5984 1.2937 0.0
1.6812 1.5984 1.2937 0.0
1.5902 1.5362 1.2334 0.0
1.5902 1.5362 1.2334 0.0
1.5902 1.5362 1.2334 0.0
1.5294 1.4963 1.1954 0.0
1.4994 1.4772 1.1773 0.0
1.4994 1.4772 1.1773 0.0
1.4094 1.4221 1.1265 22.0
1.4094 1.4221 1.1265 22.0
1.4094 1.4221 1.1265 22.0
1.3302 1.357 1.1143 22.0
1.3302 1.357 1.1143 22.0
1.3302 1.357 1.1143 22.0
2.2937 1.2953 1.0632 0.0
2.2937 1.2953 1.0632 0.0
2.2937 1.2953 1.0632 0.0
2.2412 1.2619 1.0295 0.0
2.2145 1.2455 1.0131 0.0
2.2145 1.2455 1.0131 0.0
2.1578 1.2119 0.9797 0.0
2.1578 1.2119 0.9797 0.0
2.0985 1.1788 0.9474 0.0
2.0985 1.1788 0.9474 0.0
2.0079 1.5731 1.0043 0.0
2.0079 1.5731 1.0043 0.0
2.0079 1.5731 1.0043 0.0
1.9166 1.5172 0.9284 0.0
1.9166 1.5172 0.9284 0.0
1.9166 1.5172 0.9284 0.0
1.8281 1.4667 0.8582 0.0
1.8281 1.4667 0.8582 0.0
1.8281 1.4667 0.8582 0.0
1.7366 1.8595 0.7902 22.0
1.7366 1.8595 0.7902 22.0
1.7366 1.8595 0.7902 22.0
2.0266 1.7915 0.7477 0.0
2.0266 1.7915 0.7477 0.0
2.0266 1.7915 0.7477 0.0
1.9657 1.7519 1.3276 0.0
1.9346 1.7322 1.3037 0.0
1.9346 1.7322 1.3037 0.0
1.845 1.6775 1.237 0.0
1.845 1.6775 1.237 0.0
1.845 1.6775 1.237 0.0
1.7523 1.6244 1.1714 0.0
1.7523 1.6244 1.1714 0.0
1.7523 1.6244 1.1714 0.0
1.6614 2.6815 1.1111 22.0
1.6614 2.6815 1.1111 22.0
1.6614 2.6815 1.1111 22.0
1.6083 2.6385 1.0862 22.0
1.769 1.5177 1.2573 0.0
1.769 1.5177 1.2573 0.0
1.7119 1.4843 1.2162 0.0
1.6834 2.5623 1.1951 22.0
1.6834 2.5623 1.1951 22.0
1.5972 2.501 1.1417 22.0
1.5972 2.501 1.1417 22.0
1.5972 2.501 1.1417 22.0
1.5445 1.3821 1.1145 0.0
1.5202 1.3662 1.1028 0.0
1.5202 1.3662 1.1028 0.0
1.4672 2.0407 1.0748 22.0
1.4376 2.0246 1.31 22.0
1.4376 2.0246 1.31 22.0
1.3828 1.9902 1.2707 22.0
1.3575 1.9715 1.2547 22.0
1.3575 1.9715 1.2547 22.0
1.3105 1.9366 1.2263 22.0
1.2882 1.2243 1.2134 0.0
1.2882 1.2243 1.2134 0.0
1.6933 1.1845 1.1792 0.0
1.6933 1.1845 1.1792 0.0
1.6933 1.1845 1.1792 0.0
1.6443 1.8451 1.1806 22.0
1.6197 1.8301 1.1573 22.0
1.6197 1.8301 1.1573 22.0
2.0269 1.7774 1.0936 0.0
2.0269 1.7774 1.0936 0.0
2.0269 1.7774 1.0936 0.0
1.9492 1.7305 1.0252 0.0
1.9492 1.7305 1.0252 0.0
1.9492 1.7305 1.0252 0.0
1.8928 1.6979 0.9766 0.0
1.8644 1.9656 0.9526 22.0
1.8644 1.9656 0.9526 22.0
1.8069 1.9165 0.9073 22.0
2.1982 1.6244 0.8901 0.0
2.1982 1.6244 0.8901 0.0
2.1189 1.5726 0.8433 0.0
2.1189 1.5726 0.8433 0.0
2.1189 1.5726 0.8433 0.0
2.0285 1.7588 0.7914 0.0
2.0285 1.7588 0.7914 0.0
2.0285 1.7588 0.7914 0.0
1.9667 1.7139 1.1346 0.0
1.9373 1.6929 1.1124 0.0
1.9373 1.6929 1.1124 0.0
1.8457 1.6293 1.0458 0.0
1.8457 1.6293 1.0458 0.0
1.8457 1.6293 1.0458 0.0
1.754 1.5686 0.9835 0.0
1.754 1.5686 0.9835 0.0
1.754 1.5686 0.9835 0.0
1.6933 1.5301 0.9451 0.0
1.6632 1.5117 0.927 0.0
1.6632 1.5117 0.927 0.0
1.5734 1.459 0.8774 0.0
1.5734 1.459 0.8774 0.0
1.5734 1.459 0.8774 0.0
1.5115 1.6657 1.2093 22.0
1.482 1.6432 1.1875 22.0
1.482 1.6432 1.1875 22.0
1.4314 1.5932 1.1576 22.0
1.9025 1.353 1.1452 0.0
1.9025 1.353 1.1452 0.0
2.9279 1.3182 1.1166 0.0
2.8997 1.4993 1.1012 0.0
2.8997 1.4993 1.1012 0.0
2.843 1.4539 1.278 0.0
2.8147 1.4317 1.2517 0.0
2.8147 1.4317 1.2517 0.0
2.9233 1.3878 1.1991 0.0
2.894 1.3671 1.174 0.0
2.894 1.3671 1.174 0.0
2.8334 1.3252 1.1228 0.0
2.8022 1.3042 1.0968 0.0
2.8022 1.3042 1.0968 0.0
2.7417 1.2647 1.0472 0.0
2.7118 1.2459 1.0232 0.0
2.7118 1.2459 1.0232 0.0
2.6488 1.2077 0.9737 0.0
2.6177 1.1896 0.9499 0.0
2.6177 1.1896 0.9499 0.0
2.5258 1.7793 0.8822 0.0
2.5258 1.7793 0.8822 0.0
2.5258 1.7793 0.8822 0.0
2.464 1.7375 0.8394 0.0
2.4334 1.7173 0.8191 0.0
2.4334 1.7173 0.8191 0.0
2.3399 1.6576 0.7618 0.0
2.3399 1.6576 0.7618 0.0
2.3399 1.6576 0.7618 0.0
2.28 1.621 0.729 0.0
2.28 1.621 0.729 0.0
2.2161 1.5837 1.0987 0.0
2.2161 1.5837 1.0987 0.0
2.1246 1.7267 1.0343 0.0
2.1246 1.7267 1.0343 0.0
2.1246 1.7267 1.0343 0.0
2.0351 1.6605 0.9759 0.0
2.0351 1.6605 0.9759 0.0
2.0351 1.6605 0.9759 0.0
1.9443 1.5957 0.9219 0.0
1.9443 1.5957 0.9219 0.0
1.9443 1.5957 0.9219 0.0
1.8552 1.5348 1.2777 0.0
1.8552 1.5348 1.2777 0.0
1.8552 1.5348 1.2777 0.0
1.7647 1.4761 1.2147 0.0
1.7647 1.4761 1.2147 0.0
1.7647 1.4761 1.2147 0.0
1.7046 1.439 1.1748 0.0
1.6757 1.4218 1.1564 0.0
1.6757 1.4218 1.1564 0.0
1.5839 1.3697 1.1008 0.0
1.5839 1.3697 1.1008 0.0
1.5839 1.3697 1.1008 0.0
1.4953 1.5045 1.0524 22.0
1.4953 1.5045 1.0524 22.0
1.4953 1.5045 1.0524 22.0
1.4377 1.4546 2.1185 0.0
1.412 1.4321 2.1088 0.0
1.412 1.4321 2.1088 0.0
1.3326 1.3672 2.4834 0.0
1.3326 1.3672 2.4834 0.0
1.3326 1.3672 2.4834 0.0
1.2738 1.3218 2.4494 0.0
1.2438 1.2991 2.4325 0.0
1.2438 1.2991 2.4325 0.0
1.1802 1.2519 2.3973 0.0
1.1509 1.2306 2.3814 0.0
1.1509 1.2306 2.3814 0.0
1.0608 1.1676 2.3344 0.0
1.0608 1.1676 2.3344 0.0
1.0608 1.1676 2.3344 0.0
0.9725 1.1095 3.3898 0.0
0.9725 1.1095 3.3898 0.0
0.9725 1.1095 3.3898 0.0
0.9131 1.0729 2.726 0.0
0.8833 1.0553 2.1983 0.0
0.8833 1.0553 2.1983 0.0
0.7953 7.8737 2.1137 0.0
0.7953 7.8737 2.1137 0.0
0.7953 7.8737 2.1137 0.0
0.7375 7.8187 2.0579 0.0
0.7078 7.7903 2.0291 0.0
0.7078 7.7903 2.0291 0.0
0.6512 7.7356 1.9739 0.0
0.623 7.708 1.9462 0.0
0.623 7.708 1.9462 0.0
0.9761 0.5668 1.8906 -22.0
0.9454 0.5392 1.863 -22.0
0.9454 0.5392 1.863 -22.0
0.8878 0.4916 1.8081 -22.0
0.8615 0.4728 1.7805 -22.0
0.8615 0.4728 1.7805 -22.0
0.812 0.4423 3.4611 -22.0
0.7898 0.4311 3.0656 -22.0
0.7898 0.4311 3.0656 -22.0
0.7485 0.4161 3.0258 -22.0
0.7309 5.7139 3.0069 0.0
0.7309 5.7139 3.0069 0.0
1.1351 0.6891 2.9716 -22.0
1.1106 0.6667 2.9577 -22.0
1.1106 0.6667 2.9577 -22.0
1.0685 0.6319 2.9232 -22.0
1.0478 0.6156 2.9048 -22.0
1.0478 0.6156 2.9048 -22.0
1.0084 0.5867 2.5589 -22.0
0.9895 0.574 2.5415 -22.0
0.9895 0.574 2.5415 -22.0
1.3417 0.5441 2.4854 -22.0
1.3417 0.5441 2.4854 -22.0
1.3417 0.5441 2.4854 -22.0
1.2943 0.9035 1.7659 -22.0
1.271 0.8887 1.7466 -22.0
1.271 0.8887 1.7466 -22.0
1.2235 0.8612 1.7054 -22.0
1.1997 0.8489 1.6839 -22.0
1.1997 0.8489 1.6839 -22.0
1.1306 0.8194 1.6176 -22.0
1.1306 0.8194 1.6176 -22.0
1.1306 0.8194 1.6176 -22.0
1.0622 2.6155 1.5457 0.0
1.0622 2.6155 1.5457 0.0
1.0622 2.6155 1.5457 0.0
2.0116 1.019 1.5063 0.0
3.1303 0.9966 1.491 0.0
3.1303 0.9966 1.491 0.0
3.0813 0.9503 1.46 0.0
3.0813 0.9503 1.46 0.0
3.0296 0.9019 1.4286 0.0
3.0296 0.9019 1.4286 0.0
2.9745 0.8512 1.3966 0.0
2.9465 0.8256 1.3809 0.0
2.9465 0.8256 1.3809 0.0
2.8887 0.774 1.9701 0.0
2.8599 0.7487 1.9501 0.0
2.8599 0.7487 1.9501 0.0
2.7737 0.6757 1.8919 0.0
2.7737 0.6757 1.8919 0.0
2.7737 0.6757 1.8919 0.0
2.6875 0.6077 1.8363 0.0
2.6875 0.6077 1.8363 0.0
2.6875 0.6077 1.8363 0.0
2.7385 0.5476 1.7843 0.0
2.7385 0.5476 1.7843 0.0
2.7385 0.5476 1.7843 0.0
2.6775 0.5125 1.7512 0.0
2.6461 0.9245 1.7348 0.0
2.6461 0.9245 1.7348 0.0
2.5853 0.878 1.8586 0.0
2.5539 0.8548 1.8366 0.0
2.5539 0.8548 1.8366 0.0
2.4627 0.7905 1.7742 0.0
2.4627 0.7905 1.7742 0.0
2.4627 0.7905 1.7742 0.0
2.4017 0.7507 1.7339 0.0
2.3718 0.7323 1.7146 0.0
2.3718 0.7323 1.7146 0.0
2.2799 1.1051 1.6574 0.0
2.2799 1.1051 1.6574 0.0
2.2799 1.1051 1.6574 0.0
2.1886 1.0387 1.6039 0.0
2.1886 1.0387 1.6039 0.0
2.1886 1.0387 1.6039 0.0
2.0981 0.977 1.5543 0.0
2.0981 0.977 1.5543 0.0
2.0981 0.977 1.5543 0.0
2.0082 0.9206 1.6652 0.0
2.0082 0.9206 1.6652 0.0
2.0082 0.9206 1.6652 0.0
1.918 3.2093 1.601 22.0
1.918 3.2093 1.601 22.0
1.918 3.2093 1.601 22.0
1.8613 0.8294 1.5699 0.0
1.8349 0.811 1.5562 0.0
1.8349 0.811 1.5562 0.0
1.7562 2.8744 1.5136 22.0
1.7562 2.8744 1.5136 22.0
1.7562 2.8744 1.5136 22.0
1.9545 1.41 1.6866 0.0
1.9545 1.41 1.6866 0.0
1.9545 1.41 1.6866 0.0
1.8758 2.0647 1.618 22.0
1.8758 2.0647 1.618 22.0
1.8758 2.0647 1.618 22.0
1.8253 1.3284 1.578 0.0
1.8027 1.3123 1.5605 0.0
1.8027 1.3123 1.5605 0.0
1.7323 1.2694 1.5043 0.0
1.7323 1.2694 1.5043 0.0
1.7323 1.2694 1.5043 0.0
1.6794 1.9298 1.4619 22.0
1.6519 1.9135 1.4402 22.0
1.6519 1.9135 1.4402 22.0
1.6048 1.8749 1.4086 22.0
1.993 1.8393 1.3815 0.0
1.993 1.8393 1.3815 0.0
1.993 1.8393 1.3815 0.0
1.9207 1.7913 1.3395 0.0
1.9207 1.7913 1.3395 0.0
1.9207 1.7913 1.3395 0.0
1.8662 1.7579 1.308 0.0
1.8386 1.7415 1.2927 0.0
1.8386 1.7415 1.2927 0.0
1.78 1.7076 1.2615 0.0
1.7497 1.6906 1.2462 0.0
1.7497 1.6906 1.2462 0.0
1.6893 1.6578 1.2914 0.0
1.659 2.3125 1.2652 22.0
1.659 2.3125 1.2652 22.0
1.5712 2.2546 1.1928 22.0
1.5712 2.2546 1.1928 22.0
1.5712 2.2546 1.1928 22.0
1.4992 1.5422 1.1412 22.0
1.4992 1.5422 1.1412 22.0
1.4992 1.5422 1.1412 22.0
1.457 1.5116 1.1131 22.0
1.4384 1.4978 1.1014 22.0
1.4384 1.4978 1.1014 22.0
1.941 1.47 1.0801 0.0
1.9225 1.4568 1.0711 0.0
1.9225 1.4568 1.0711 0.0
1.8547 1.4131 1.3261 0.0
1.8547 1.4131 1.3261 0.0
1.8547 1.4131 1.3261 0.0
1.8007 1.3814 1.2782 0.0
1.7734 1.3659 1.2543 0.0
1.7734 1.3659 1.2543 0.0
1.7163 1.9433 1.2046 22.0
1.6869 1.9225 1.1793 22.0
1.6869 1.9225 1.1793 22.0
1.6362 1.8753 1.1411 22.0
1.6137 1.2636 1.125 0.0
1.6137 1.2636 1.125 0.0
1.5664 1.2312 1.0904 0.0
1.5399 1.7903 1.0704 22.0
1.5399 1.7903 1.0704 22.0
2.0884 1.7444 1.0359 0.0
2.0644 1.7214 1.0242 0.0
2.0644 1.7214 1.0242 0.0
2.0054 1.6764 0.989 0.0
1.9762 1.6545 0.9725 0.0
1.9762 1.6545 0.9725 0.0
1.9171 1.6109 1.3344 0.0
1.8888 1.5903 1.309 0.0
1.8888 1.5903 1.309 0.0
1.8004 1.528 1.2309 0.0
1.8004 1.528 1.2309 0.0
1.8004 1.528 1.2309 0.0
1.7142 1.4701 1.1566 0.0
1.7142 1.4701 1.1566 0.0
1.7142 1.4701 1.1566 0.0
1.6542 1.4315 1.1059 0.0
1.6248 1.4132 1.0815 0.0
1.6248 1.4132 1.0815 0.0
1.5393 1.3624 1.0123 0.0
1.5393 1.3624 1.0123 0.0
1.5393 1.3624 1.0123 0.0
1.4523 1.856 0.9453 22.0
1.4523 1.856 0.9453 22.0
1.4523 1.856 0.9453 22.0
2.0235 1.81 0.9103 0.0
1.9994 1.787 0.8987 0.0
1.9994 1.787 0.8987 0.0
1.9419 1.7436 0.8645 0.0
1.9117 1.7212 0.8477 0.0
1.9117 1.7212 0.8477 0.0
1.8524 1.6779 1.2448 0.0
1.8524 1.6779 1.2448 0.0
1.7935 1.6361 1.1919 0.0
1.7935 1.6361 1.1919 0.0
1.7052 1.5754 1.1139 0.0
1.7052 1.5754 1.1139 0.0
1.7052 1.5754 1.1139 0.0
1.6459 1.5363 1.0627 0.0
1.6163 1.5173 1.0374 0.0
1.6163 1.5173 1.0374 0.0
1.5274 1.4626 0.9635 0.0
1.5274 1.4626 0.9635 0.0
1.5274 1.4626 0.9635 0.0
1.4699 1.4291 0.9174 0.0
1.441 1.9095 0.8948 22.0
1.441 1.9095 0.8948 22.0
1.9984 1.8562 0.8364 0.0
1.9984 1.8562 0.8364 0.0
1.9984 1.8562 0.8364 0.0
1.9381 2.3192 0.7979 22.0
1.9087 2.7997 0.7802 22.0
1.9087 2.7997 0.7802 22.0
1.8587 1.77 1.2319 0.0
1.8367 1.7513 1.2135 0.0
1.8367 1.7513 1.2135 0.0
1.7815 2.2103 1.1646 22.0
1.7531 2.1937 1.1398 22.0
1.7531 2.1937 1.1398 22.0
1.9181 1.6461 1.0893 0.0
1.9181 1.6461 1.0893 0.0
1.9181 1.6461 1.0893 0.0
1.86 2.0965 1.047 22.0
1.8303 2.079 1.0261 22.0
1.8303 2.079 1.0261 22.0
1.7798 1.5582 1.0005 0.0
1.7579 1.5387 0.9913 0.0
1.7579 1.5387 0.9913 0.0
1.7017 1.9779 0.9597 22.0
1.6734 1.96 1.4776 22.0
1.6734 1.96 1.4776 22.0
1.9022 1.4302 1.4303 0.0
1.9022 1.4302 1.4303 0.0
1.9022 1.4302 1.4303 0.0
1.8446 1.8553 1.3897 22.0
1.8155 1.837 1.3698 22.0
1.8155 1.837 1.3698 22.0
2.1014 1.3224 1.3372 0.0
2.1014 1.3224 1.3372 0.0
2.1014 1.3224 1.3372 0.0
2.051 1.2873 1.4348 0.0
2.0234 1.7082 1.4134 0.0
2.0234 1.7082 1.4134 0.0
1.9642 1.6695 1.3684 0.0
1.9358 1.6514 1.3472 0.0
1.9358 1.6514 1.3472 0.0
1.8773 1.6151 1.3045 0.0
1.8478 1.5973 1.2836 0.0
1.8478 1.5973 1.2836 0.0
1.7893 1.5632 1.2431 0.0
1.7604 1.5469 1.2236 0.0
1.7604 1.5469 1.2236 0.0
1.7022 1.9473 1.1858 22.0
1.6734 1.9286 1.1678 22.0
1.6734 1.9286 1.1678 22.0
1.6252 1.882 1.1488 22.0
1.9891 1.4399 1.2998 0.0
1.9891 1.4399 1.2998 0.0
1.939 1.4041 1.2652 0.0
1.9113 1.7977 1.2446 0.0
1.9113 1.7977 1.2446 0.0
1.8526 1.758 1.2018 0.0
1.8245 1.7394 1.1819 0.0
1.8245 1.7394 1.1819 0.0
1.7663 1.7017 1.1419 0.0
1.7374 1.6835 1.1227 0.0
1.7374 1.6835 1.1227 0.0
1.6794 1.6479 1.0856 0.0
1.6515 1.6312 1.0685 0.0
1.6515 1.6312 1.0685 0.0
1.5936 1.5978 1.0348 22.0
1.5651 1.9895 1.0191 22.0
1.5651 1.9895 1.0191 22.0
1.924 1.5396 1.1867 0.0
1.8779 1.4968 1.1596 0.0
1.8779 1.4968 1.1596 0.0
1.8779 1.4968 1.1596 0.0
1.8208 1.4631 1.1191 0.0
1.7922 1.4469 1.0994 0.0
1.7922 1.4469 1.0994 0.0
1.7052 1.7666 1.0427 22.0
1.7052 1.7666 1.0427 22.0
1.7052 1.7666 1.0427 22.0
2.9066 1.7167 1.2841 0.0
2.39 1.6922 1.2685 0.0
2.39 1.6922 1.2685 0.0
2.3345 1.6469 1.2345 0.0
2.3063 1.626 1.2139 0.0
2.3063 1.626 1.2139 0.0
2.2483 1.5839 1.1726 0.0
2.219 1.5631 1.1525 0.0
2.219 1.5631 1.1525 0.0
2.1269 1.4997 1.0922 0.0
2.1269 1.4997 1.0922 0.0
2.1269 1.4997 1.0922 0.0
2.5255 1.4451 1.0421 0.0
2.5255 1.4451 1.0421 0.0
2.5255 1.4451 1.0421 0.0
2.4679 1.4104 1.2911 0.0
2.4383 1.3932 1.2673 0.0
2.4383 1.3932 1.2673 0.0
2.3531 1.4116 1.2008 0.0
2.3531 1.4116 1.2008 0.0
2.3531 1.4116 1.2008 0.0
2.2667 1.3333 1.1363 0.0
2.2667 1.3333 1.1363 0.0
2.2667 1.3333 1.1363 0.0
2.742 1.2583 1.0771 0.0
2.742 1.2583 1.0771 0.0
2.742 1.2583 1.0771 0.0
2.6824 1.209 1.0397 0.0
2.6506 1.1831 1.0206 0.0
2.6506 1.1831 1.0206 0.0
2.5904 1.135 0.9866 0.0
2.5611 1.1121 0.971 0.0
2.5611 1.1121 0.971 0.0
2.4652 1.0396 1.5878 0.0
2.4652 1.0396 1.5878 0.0
2.4652 1.0396 1.5878 0.0
2.4045 0.9959 1.5515 0.0
2.3734 0.9743 1.5335 0.0
2.3734 0.9743 1.5335 0.0
2.3135 0.9344 1.5001 0.0
2.2843 0.9159 1.4846 0.0
2.2843 0.9159 1.4846 0.0
2.2237 0.8794 1.7084 0.0
2.1954 0.8635 1.6881 0.0
2.1954 0.8635 1.6881 0.0
2.1082 1.1643 1.6269 0.0
2.1082 1.1643 1.6269 0.0
2.1082 1.1643 1.6269 0.0
2.0214 1.0984 1.5688 0.0
2.0214 1.0984 1.5688 0.0
2.0214 1.0984 1.5688 0.0
1.9347 1.0361 1.5137 0.0
1.9347 1.0361 1.5137 0.0
1.9347 1.0361 1.5137 0.0
1.8772 0.9971 1.479 0.0
1.8491 0.9788 1.4626 0.0
1.8491 0.9788 1.4626 0.0
1.7629 0.9263 1.415 0.0
1.7629 0.9263 1.415 0.0
1.7629 0.9263 1.415 0.0
1.6755 1.2249 1.6146 0.0
1.6755 1.2249 1.6146 0.0
1.6755 1.2249 1.6146 0.0
2.0692 1.1795 1.5725 0.0
2.009 1.1358 1.5318 0.0
2.009 1.1358 1.5318 0.0
2.009 1.1358 1.5318 0.0
1.9199 1.0743 1.474 0.0
1.9199 1.0743 1.474 0.0
1.9199 1.0743 1.474 0.0
1.8604 1.0357 1.4194 0.0
1.8306 1.0172 1.3913 0.0
1.8306 1.0172 1.3913 0.0
1.7431 1.6648 1.3097 0.0
1.7431 1.6648 1.3097 0.0
1.7431 1.6648 1.3097 0.0
1.6841 1.6301 1.2553 0.0
1.6542 1.6131 1.228 0.0
1.6542 1.6131 1.228 0.0
1.5677 1.8945 1.1496 22.0
1.5677 1.8945 1.1496 22.0
1.5677 1.8945 1.1496 22.0
1.9411 1.8235 1.0857 0.0
1.9411 1.8235 1.0857 0.0
1.9411 1.8235 1.0857 0.0
1.8894 1.777 1.0483 0.0
2.2216 1.7558 1.0264 0.0
2.2216 1.7558 1.0264 0.0
2.1279 1.6932 0.9633 0.0
2.1279 1.6932 0.9633 0.0
2.1279 1.6932 0.9633 0.0
2.0655 1.6533 0.9242 0.0
2.0353 1.6345 0.9062 0.0
2.0353 1.6345 0.9062 0.0
1.9426 1.5789 0.8554 0.0
1.9426 1.5789 0.8554 0.0
1.9426 1.5789 0.8554 0.0
1.8507 1.5275 1.1139 0.0
1.8507 1.5275 1.1139 0.0
1.8507 1.5275 1.1139 0.0
1.7885 1.8034 1.0674 22.0
1.7577 1.782 1.045 22.0
1.7577 1.782 1.045 22.0
1.6742 1.4145 1.0041 0.0
1.6742 1.4145 1.0041 0.0
1.6742 1.4145 1.0041 0.0
1.5844 1.6363 0.9527 22.0
1.5844 1.6363 0.9527 22.0
1.5844 1.6363 0.9527 22.0
1.5302 1.5821 1.2749 22.0
1.5054 1.5552 1.261 22.0
1.5054 1.5552 1.261 22.0
2.4181 1.2377 1.2296 0.0
2.4181 1.2377 1.2296 0.0
2.4181 1.2377 1.2296 0.0
2.8372 1.4047 1.3718 0.0
2.8372 1.4047 1.3718 0.0
2.8372 1.4047 1.3718 0.0
2.7828 1.3603 1.323 0.0
2.7828 1.3603 1.323 0.0
2.7251 1.3141 1.2719 0.0
2.7251 1.3141 1.2719 0.0
2.6369 1.2459 1.1954 0.0
2.6369 1.2459 1.1954 0.0
2.6369 1.2459 1.1954 0.0
3.0225 1.1822 1.1226 0.0
3.0225 1.1822 1.1226 0.0
3.0225 1.1822 1.1226 0.0
2.9621 1.1417 1.0755 0.0
2.9317 1.1221 1.0524 0.0
2.9317 1.1221 1.0524 0.0
2.8421 1.0674 0.9868 0.0
2.8421 1.0674 0.9868 0.0
2.8421 1.0674 0.9868 0.0
2.7517 1.6611 0.9252 0.0
2.7517 1.6611 0.9252 0.0
2.7517 1.6611 0.9252 0.0
2.6904 1.6186 0.8867 0.0
2.6614 1.599 0.8695 0.0
2.6614 1.599 0.8695 0.0
2.6013 1.5594 0.8361 0.0
2.5714 1.5403 1.2205 0.0
2.5714 1.5403 1.2205 0.0
2.5118 1.5033 1.1766 0.0
2.483 1.486 1.156 0.0
2.483 1.486 1.156 0.0
2.4227 1.4511 1.1143 0.0
2.3925 1.6406 1.0941 0.0
2.3925 1.6406 1.0941 0.0
2.3326 1.5939 1.0557 0.0
2.3039 1.5718 1.0382 0.0
2.3039 1.5718 1.0382 0.0
2.2451 1.5274 1.004 0.0
2.216 1.5059 0.9881 0.0
2.216 1.5059 0.9881 0.0
2.1283 1.4429 1.325 0.0
2.1283 1.4429 1.325 0.0
2.1283 1.4429 1.325 0.0
2.0689 1.402 1.2833 0.0
2.0402 1.3827 1.2638 0.0
2.0402 1.3827 1.2638 0.0
2.4799 1.3457 1.2262 0.0
2.4502 1.3283 1.2086 0.0
2.4502 1.3283 1.2086 0.0
2.3865 1.2926 1.1725 0.0
2.3559 1.4898 1.1561 0.0
2.3559 1.4898 1.1561 0.0
2.2951 1.4429 1.5157 0.0
2.2655 1.4206 1.4956 0.0
2.2655 1.4206 1.4956 0.0
2.2045 1.3753 1.4553 0.0
2.1742 1.3533 1.4358 0.0
2.1742 1.3533 1.4358 0.0
2.1134 1.3102 1.3979 0.0
2.0839 1.2898 1.3801 0.0
2.0839 1.2898 1.3801 0.0
2.0229 1.2489 1.3448 0.0
1.9912 1.2283 1.3272 0.0
1.9912 1.2283 1.3272 0.0
1.9307 1.1905 1.2951 0.0
1.9009 1.1726 1.4582 0.0
1.9009 1.1726 1.4582 0.0
1.8099 1.7689 1.3799 0.0
1.8099 1.7689 1.3799 0.0
1.8099 1.7689 1.3799 0.0
1.7457 1.7247 1.3258 0.0
1.7164 1.705 1.3014 0.0
1.7164 1.705 1.3014 0.0
1.6254 1.6456 1.2272 22.0
1.6254 1.6456 1.2272 22.0
1.6254 1.6456 1.2272 22.0
1.5704 1.595 1.1909 22.0
1.5452 1.57 1.1758 22.0
1.5452 1.57 1.1758 22.0
2.0136 1.4944 1.14 0.0
2.0136 1.4944 1.14 0.0
2.0136 1.4944 1.14 0.0
1.9309 1.437 1.4017 0.0
1.9309 1.437 1.4017 0.0
1.9309 1.437 1.4017 0.0
1.8415 1.3779 1.3233 0.0
1.8415 1.3779 1.3233 0.0
1.8415 1.3779 1.3233 0.0
1.7816 1.3403 1.2717 0.0
1.7223 1.3049 1.2214 0.0
1.7223 1.3049 1.2214 0.0
1.7223 1.3049 1.2214 0.0
1.6325 1.8504 1.1472 22.0
1.6325 1.8504 1.1472 22.0
1.6325 1.8504 1.1472 22.0
1.5754 1.8019 1.1044 22.0
1.5485 1.7743 1.0869 22.0
1.5485 1.7743 1.0869 22.0
2.0917 1.1539 1.0575 0.0
2.0632 1.1318 1.0445 0.0
2.0632 1.1318 1.0445 0.0
1.9847 1.6233 1.4057 0.0
