1.414 1.2382 1.7471 -22.0
1.414 1.2382 1.7471 -22.0
1.4123 1.2368 1.746 -22.0
1.4103 1.2352 1.7446 -22.0
1.4103 1.2352 1.7446 -22.0
1.4038 1.23 1.7399 -22.0
1.3995 1.2266 1.7367 -22.0
1.3995 1.2266 1.7367 -22.0
1.3884 1.2179 1.7286 -22.0
1.3819 1.2128 1.7237 -22.0
1.3819 1.2128 1.7237 -22.0
1.3819 1.2128 1.7237 -22.0
1.3574 1.1941 1.7051 -22.0
1.3574 1.1941 1.7051 -22.0
1.3371 1.179 1.6892 -22.0
1.3263 1.1711 1.6805 -22.0
1.3263 1.1711 1.6805 -22.0
1.3027 1.1544 1.661 -22.0
1.2893 1.1452 1.6497 -22.0
1.2893 1.1452 1.6497 -22.0
1.9438 1.127 1.6253 0.0
1.9285 1.118 1.6123 0.0
1.9285 1.118 1.6123 0.0
1.8919 1.0928 1.5897 0.0
1.8722 1.0795 1.5778 0.0
1.8722 1.0795 1.5778 0.0
1.8722 1.0795 1.5778 0.0
1.8098 1.039 1.5412 0.0
1.8098 1.039 1.5412 0.0
1.7616 1.0095 1.5142 0.0
1.7362 0.9945 1.5004 0.0
1.7362 0.9945 1.5004 0.0
1.7103 0.9798 1.8837 -22.0
1.6516 0.9891 1.8365 -22.0
1.6516 0.9891 1.8365 -22.0
1.6516 0.9891 1.8365 -22.0
2.8956 0.9316 1.7636 0.0
2.8956 0.9316 1.7636 0.0
2.8956 0.9316 1.7636 0.0
2.8431 0.8904 1.7209 0.0
2.8166 0.8702 1.6997 0.0
2.8166 0.8702 1.6997 0.0
2.7311 0.8078 1.6323 0.0
2.7311 0.8078 1.6323 0.0
2.7311 0.8078 1.6323 0.0
2.6711 0.7672 1.5862 0.0
2.6406 0.7478 1.5632 0.0
2.6406 0.7478 1.5632 0.0
2.5814 0.7126 1.5195 0.0
2.5526 1.273 1.4986 0.0
2.5526 1.273 1.4986 0.0
2.4936 1.2221 1.4568 0.0
2.4632 1.1963 1.4358 0.0
2.4632 1.1963 1.4358 0.0
2.4045 1.1472 1.3964 0.0
2.3762 1.1239 1.378 0.0
2.3762 1.1239 1.378 0.0
2.3173 1.0766 1.341 0.0
2.288 1.0535 1.3232 0.0
2.288 1.0535 1.3232 0.0
2.2301 1.0093 1.2896 0.0
2.2015 0.9881 1.2738 0.0
2.2015 0.9881 1.2738 0.0
2.7595 0.9461 1.6025 0.0
2.7296 0.9266 1.578 0.0
2.7296 0.9266 1.578 0.0
2.669 0.889 1.5291 0.0
2.6397 0.8719 1.5057 0.0
2.6397 0.8719 1.5057 0.0
2.5785 1.4017 1.4578 0.0
2.5485 1.3771 1.4347 0.0
2.5485 1.3771 1.4347 0.0
2.4882 1.3282 1.3891 0.0
2.4586 1.3046 1.3672 0.0
2.4586 1.3046 1.3672 0.0
2.3979 1.2572 1.3234 0.0
2.3679 1.2343 1.3023 0.0
2.3679 1.2343 1.3023 0.0
2.3082 1.1897 1.2615 0.0
2.2782 1.1679 1.2417 0.0
2.2782 1.1679 1.2417 0.0
2.1897 1.1061 1.186 0.0
2.1897 1.1061 1.186 0.0
2.1897 1.1061 1.186 0.0
2.0957 1.0454 1.132 0.0
2.0957 1.0454 1.132 0.0
2.0957 1.0454 1.132 0.0
2.0107 1.5557 1.4539 0.0
2.0107 1.5557 1.4539 0.0
2.0107 1.5557 1.4539 0.0
1.925 1.4852 1.3801 0.0
1.925 1.4852 1.3801 0.0
1.925 1.4852 1.3801 0.0
2.4618 1.4177 1.3091 0.0
2.4618 1.4177 1.3091 0.0
2.4618 1.4177 1.3091 0.0
2.4026 1.3742 1.2632 0.0
2.4026 1.3742 1.2632 0.0
2.3427 1.3315 1.218 0.0
2.3427 1.3315 1.218 0.0
2.2537 1.2709 1.1537 0.0
2.2537 1.2709 1.1537 0.0
2.2537 1.2709 1.1537 0.0
2.1941 1.2323 1.1127 0.0
2.1652 1.2143 1.0934 0.0
2.1652 1.2143 1.0934 0.0
2.0755 1.1615 1.037 0.0
2.0755 1.1615 1.037 0.0
2.0755 1.1615 1.037 0.0
2.016 1.6748 1.0025 0.0
1.9869 1.652 0.9866 0.0
1.9869 1.652 0.9866 0.0
1.9287 1.6071 1.3482 0.0
1.898 1.5838 1.3211 0.0
1.898 1.5838 1.3211 0.0
1.8402 1.5407 1.2704 0.0
1.8122 1.5203 1.2462 0.0
1.8122 1.5203 1.2462 0.0
1.7546 1.479 1.1969 0.0
1.7258 1.4588 1.1726 0.0
1.7258 1.4588 1.1726 0.0
1.6683 1.4195 1.1248 0.0
1.6407 1.4011 1.1023 0.0
1.6407 1.4011 1.1023 0.0
1.5835 1.3642 1.0566 0.0
1.5552 1.3464 1.0344 0.0
1.5552 1.3464 1.0344 0.0
2.0947 1.2967 0.9714 0.0
2.0947 1.2967 0.9714 0.0
2.0947 1.2967 0.9714 0.0
2.0354 1.8 0.9318 0.0
2.0048 1.7772 0.9122 0.0
2.0048 1.7772 0.9122 0.0
1.9447 1.7331 0.8758 0.0
1.9156 1.7121 0.8592 0.0
1.9156 1.7121 0.8592 0.0
1.8563 1.6702 0.8276 0.0
1.8257 1.649 1.2234 0.0
1.8257 1.649 1.2234 0.0
1.758 1.6032 1.1627 0.0
1.728 1.5835 1.1361 0.0
1.728 1.5835 1.1361 0.0
1.6669 1.5443 1.0825 0.0
1.6371 1.5257 1.0567 0.0
1.6371 1.5257 1.0567 0.0
1.5765 1.4892 1.005 0.0
1.5464 1.4718 0.9798 0.0
1.5464 1.4718 0.9798 0.0
1.4866 1.9356 0.9307 22.0
1.4576 2.4466 0.9074 22.0
1.4576 2.4466 0.9074 22.0
2.0474 1.3813 0.8734 0.0
2.0206 1.3609 0.8587 0.0
2.0206 1.3609 0.8587 0.0
1.9629 1.8229 0.8224 0.0
1.9327 1.8062 0.8045 0.0
1.9327 1.8062 0.8045 0.0
1.8685 2.256 0.7692 22.0
1.8388 2.2342 1.2145 22.0
1.8388 2.2342 1.2145 22.0
1.7839 2.1807 1.1685 22.0
1.9962 1.6933 1.1474 0.0
1.9962 1.6933 1.1474 0.0
1.9385 1.6565 1.1051 0.0
1.9097 2.0833 1.0832 22.0
1.9097 2.0833 1.0832 22.0
1.8501 2.0327 1.0428 22.0
1.823 1.5839 1.0274 0.0
1.823 1.5839 1.0274 0.0
1.823 1.5839 1.0274 0.0
1.7405 1.9343 0.9789 22.0
1.7405 1.9343 0.9789 22.0
1.6808 1.8795 1.4842 22.0
1.9584 1.8527 1.4649 0.0
1.9584 1.8527 1.4649 0.0
1.9022 1.8029 1.4256 0.0
1.8732 1.7791 1.4045 0.0
1.8732 1.7791 1.4045 0.0
1.8732 1.7791 1.4045 0.0
1.7838 1.7072 1.3416 0.0
1.7838 1.7072 1.3416 0.0
1.7222 1.6587 1.3002 0.0
1.6918 1.6351 1.2804 0.0
1.6918 1.6351 1.2804 0.0
1.6321 1.5894 1.2428 0.0
1.6019 1.5667 1.2246 0.0
1.6019 1.5667 1.2246 0.0
1.5417 1.5223 1.1898 0.0
1.5114 1.5003 1.173 0.0
1.5114 1.5003 1.173 0.0
1.5114 1.5003 1.173 0.0
1.4217 1.4373 1.1815 22.0
1.4217 1.4373 1.1815 22.0
1.3645 1.392 1.137 22.0
2.0382 1.3686 1.1192 0.0
2.0382 1.3686 1.1192 0.0
2.3288 1.325 1.0822 0.0
2.299 1.305 1.0625 0.0
2.299 1.305 1.0625 0.0
2.2383 1.2656 1.024 0.0
2.2063 1.2456 1.0046 0.0
2.2063 1.2456 1.0046 0.0
2.1455 1.209 0.9697 0.0
2.1154 1.1917 0.9535 0.0
2.1154 1.1917 0.9535 0.0
2.1154 1.1917 0.9535 0.0
2.0202 1.5831 1.014 0.0
2.0202 1.5831 1.014 0.0
2.0202 1.5831 1.014 0.0
1.9303 1.5262 0.9393 0.0
1.9303 1.5262 0.9393 0.0
1.8689 1.4893 0.8902 0.0
1.8389 1.472 0.8669 0.0
1.8389 1.472 0.8669 0.0
1.8389 1.472 0.8669 0.0
1.7502 1.8659 0.8011 22.0
1.7502 1.8659 0.8011 22.0
1.7502 1.8659 0.8011 22.0
2.037 1.8003 0.7519 0.0
2.037 1.8003 0.7519 0.0
2.037 1.8003 0.7519 0.0
1.9502 1.7387 1.3174 0.0
1.9502 1.7387 1.3174 0.0
1.8888 1.6995 1.2716 0.0
1.8586 1.6807 1.2496 0.0
1.8586 1.6807 1.2496 0.0
1.8586 1.6807 1.2496 0.0
1.7683 1.6267 1.1861 0.0
1.7683 1.6267 1.1861 0.0
1.7683 1.6267 1.1861 0.0
1.6757 2.0004 1.1252 22.0
1.6757 2.0004 1.1252 22.0
1.6757 2.0004 1.1252 22.0
1.5924 1.5189 1.083 0.0
1.5924 1.5189 1.083 0.0
1.5924 1.5189 1.083 0.0
1.9075 1.8721 1.2025 0.0
1.9075 1.8721 1.2025 0.0
1.9075 1.8721 1.2025 0.0
1.8152 1.8114 1.1334 0.0
1.8152 1.8114 1.1334 0.0
1.8152 1.8114 1.1334 0.0
1.7545 1.7731 1.0901 22.0
1.7249 1.7548 1.0696 22.0
1.7249 1.7548 1.0696 22.0
2.0695 1.6882 1.0287 0.0
2.0695 1.6882 1.0287 0.0
2.0695 1.6882 1.0287 0.0
1.9867 1.6305 1.2126 0.0
1.9867 1.6305 1.2126 0.0
1.9867 1.6305 1.2126 0.0
1.898 1.5746 1.144 0.0
1.898 1.5746 1.144 0.0
1.898 1.5746 1.144 0.0
1.8387 1.5391 1.1 0.0
1.8087 1.5218 1.0784 0.0
1.8087 1.5218 1.0784 0.0
1.7218 1.8402 1.0185 22.0
1.7218 1.8402 1.0185 22.0
1.7218 1.8402 1.0185 22.0
1.924 1.4181 1.2624 0.0
1.924 1.4181 1.2624 0.0
1.924 1.4181 1.2624 0.0
1.8352 1.7098 1.1948 0.0
1.8352 1.7098 1.1948 0.0
1.8352 1.7098 1.1948 0.0
1.7427 1.6483 1.1276 0.0
1.7427 1.6483 1.1276 0.0
1.7427 1.6483 1.1276 0.0
1.6486 1.5888 1.0632 0.0
1.6486 1.5888 1.0632 0.0
1.6486 1.5888 1.0632 0.0
1.5865 1.5515 1.0232 0.0
1.5552 1.5333 1.004 0.0
1.5552 1.5333 1.004 0.0
1.463 1.4823 0.9511 22.0
1.463 1.4823 0.9511 22.0
1.463 1.4823 0.9511 22.0
1.4013 1.4444 1.2064 22.0
1.3737 1.4248 1.1879 22.0
1.3737 1.4248 1.1879 22.0
1.299 1.3722 1.1408 22.0
1.299 1.3722 1.1408 22.0
1.299 1.3722 1.1408 22.0
1.2541 1.3408 1.1146 22.0
1.6812 1.3265 1.1033 0.0
1.6812 1.3265 1.1033 0.0
1.6358 1.2986 1.1928 0.0
1.6107 1.2839 1.1704 0.0
1.6107 1.2839 1.1704 0.0
1.5576 1.2538 1.1232 0.0
1.5298 1.2386 1.0987 0.0
1.5298 1.2386 1.0987 0.0
1.4398 1.8585 1.0207 22.0
1.4398 1.8585 1.0207 22.0
1.4398 1.8585 1.0207 22.0
1.3587 1.7938 0.9615 22.0
1.3587 1.7938 0.9615 22.0
1.3587 1.7938 0.9615 22.0
1.291 1.0924 0.9167 0.0
1.291 1.0924 0.9167 0.0
1.291 1.0924 0.9167 0.0
1.2132 1.6825 0.8644 22.0
1.2132 1.6825 0.8644 22.0
1.2132 1.6825 0.8644 22.0
1.1665 1.6387 0.8427 22.0
1.6592 1.6189 1.1462 0.0
1.6592 1.6189 1.1462 0.0
1.6194 1.5821 1.1102 0.0
1.5957 1.5641 1.0882 0.0
1.5957 1.5641 1.0882 0.0
1.5467 1.5275 1.043 0.0
1.5213 1.5088 1.0198 0.0
1.5213 1.5088 1.0198 0.0
1.4675 1.4699 0.971 22.0
1.44 1.4504 0.9464 22.0
1.44 1.4504 0.9464 22.0
1.9199 1.4057 0.9089 0.0
1.8982 1.3851 0.8932 0.0
1.8982 1.3851 0.8932 0.0
1.8444 1.3459 0.8511 0.0
1.8169 1.3262 0.8302 0.0
1.8169 1.3262 0.8302 0.0
1.7593 1.2862 0.7881 0.0
1.7314 1.2674 0.7685 0.0
1.7314 1.2674 0.7685 0.0
1.6738 1.2298 0.7303 0.0
1.6451 1.2117 0.7125 0.0
1.6451 1.2117 0.7125 0.0
2.1814 1.1771 0.6795 0.0
2.1518 1.7448 1.061 0.0
2.1518 1.7448 1.061 0.0
2.0908 1.6995 1.0107 0.0
2.0604 1.6773 0.9862 0.0
2.0604 1.6773 0.9862 0.0
1.9987 1.6331 0.9375 0.0
1.9691 1.6123 0.9148 0.0
1.9691 1.6123 0.9148 0.0
1.9082 1.5705 0.8695 0.0
1.8776 1.55 0.8475 0.0
1.8776 1.55 0.8475 0.0
1.8171 1.5105 0.8059 0.0
1.7881 1.4921 0.7868 0.0
1.7881 1.4921 0.7868 0.0
1.7572 1.4729 0.7673 0.0
1.697 1.4367 0.7317 0.0
1.697 1.4367 0.7317 0.0
1.6362 1.4019 1.0973 0.0
1.6073 1.9629 1.073 22.0
1.6073 1.9629 1.073 22.0
1.551 1.9154 1.0289 22.0
1.5271 1.3304 1.0124 0.0
1.5271 1.3304 1.0124 0.0
2.1003 1.2958 0.9776 0.0
2.0695 1.8225 0.9566 0.0
2.0695 1.8225 0.9566 0.0
2.0695 1.8225 0.9566 0.0
1.9777 1.7544 0.8976 0.0
1.9777 1.7544 0.8976 0.0
1.916 1.7099 0.8615 0.0
1.8864 1.6889 0.8452 0.0
1.8864 1.6889 0.8452 0.0
1.8254 1.6467 1.2238 0.0
1.7954 1.6263 1.1967 0.0
1.7954 1.6263 1.1967 0.0
1.7337 1.5855 1.1416 0.0
1.704 1.5664 1.1153 0.0
1.704 1.5664 1.1153 0.0
1.704 1.5664 1.1153 0.0
1.6109 1.5088 1.0345 0.0
1.6109 1.5088 1.0345 0.0
1.5519 1.4743 0.9846 0.0
1.5214 1.4571 0.9593 0.0
1.5214 1.4571 0.9593 0.0
1.4615 1.9588 0.9106 22.0
1.4323 1.9368 0.8874 22.0
1.4323 1.9368 0.8874 22.0
1.4046 1.9089 0.8691 22.0
1.9956 1.859 0.8419 0.0
1.9956 1.859 0.8419 0.0
1.9465 1.8144 0.8164 0.0
1.9182 1.7918 0.8007 0.0
1.9182 1.7918 0.8007 0.0
1.8593 1.7455 1.2351 0.0
1.8304 1.723 1.2091 0.0
1.8304 1.723 1.2091 0.0
1.7713 1.6777 1.1565 0.0
1.7417 1.6553 1.1303 0.0
1.7417 1.6553 1.1303 0.0
1.7417 1.6553 1.1303 0.0
1.6539 1.5906 1.0545 0.0
1.6539 1.5906 1.0545 0.0
1.6539 1.5906 1.0545 0.0
1.5657 1.5282 0.9807 0.0
1.5657 1.5282 0.9807 0.0
1.5657 1.5282 0.9807 0.0
2.1335 1.4708 0.9129 0.0
2.1335 1.4708 0.9129 0.0
2.0728 1.4338 0.8692 0.0
2.0429 1.4162 0.8485 0.0
2.0429 1.4162 0.8485 0.0
2.0115 1.3982 0.8275 0.0
1.9506 1.8585 0.7889 0.0
1.9506 1.8585 0.7889 0.0
1.9506 1.8585 0.7889 0.0
1.8614 1.7893 0.7384 0.0
1.8614 1.7893 0.7384 0.0
1.8614 1.7893 0.7384 0.0
1.7733 1.7229 1.1469 0.0
1.7733 1.7229 1.1469 0.0
1.7733 1.7229 1.1469 0.0
1.7143 1.6795 1.0942 0.0
1.6843 1.6579 1.0677 0.0
1.6843 1.6579 1.0677 0.0
1.5977 1.5971 0.9927 0.0
1.5977 1.5971 0.9927 0.0
1.5977 1.5971 0.9927 0.0
1.5109 1.5389 0.9201 22.0
1.5109 1.5389 0.9201 22.0
1.5109 1.5389 0.9201 22.0
2.117 1.4986 0.8807 0.0
2.0933 1.4775 0.8668 0.0
2.0933 1.4775 0.8668 0.0
2.0165 1.4204 0.8195 0.0
2.0165 1.4204 0.8195 0.0
2.0165 1.4204 0.8195 0.0
1.9585 1.3835 0.7848 0.0
1.9308 1.3664 0.7694 0.0
1.9308 1.3664 0.7694 0.0
1.8734 1.3325 1.2364 0.0
1.8449 1.3163 1.2108 0.0
1.8449 1.3163 1.2108 0.0
1.7878 1.7327 1.1602 0.0
2.4302 1.7098 1.1359 0.0
2.4302 1.7098 1.1359 0.0
2.371 1.6633 1.0868 0.0
2.3417 1.6406 1.0629 0.0
2.3417 1.6406 1.0629 0.0
2.2827 1.5956 1.0159 0.0
2.2537 1.5738 0.9933 0.0
2.2537 1.5738 0.9933 0.0
2.1953 1.5309 0.9492 0.0
2.1659 1.5097 0.9276 0.0
2.1659 1.5097 0.9276 0.0
2.1066 1.468 0.8858 0.0
2.0781 1.4484 0.8666 0.0
2.0781 1.4484 0.8666 0.0
2.0199 1.4095 0.8293 0.0
1.9913 1.3909 0.8119 0.0
1.9913 1.3909 0.8119 0.0
1.9331 1.3544 0.7792 0.0
1.9047 1.3372 1.2673 0.0
1.9047 1.3372 1.2673 0.0
1.8465 1.3034 1.2152 0.0
1.8174 1.7716 1.1893 0.0
1.8174 1.7716 1.1893 0.0
2.0094 1.7373 1.1397 0.0
1.98 1.7212 1.116 0.0
1.98 1.7212 1.116 0.0
1.9183 2.1729 1.0673 22.0
1.887 2.1552 1.0431 22.0
1.887 2.1552 1.0431 22.0
1.8582 2.132 1.0252 22.0
1.8063 1.6082 0.9972 0.0
1.8063 1.6082 0.9972 0.0
1.754 1.5704 0.9688 0.0
1.7264 1.5547 0.9525 0.0
1.7264 1.5547 0.9525 0.0
1.6957 2.0077 0.9351 22.0
1.6374 1.9714 1.4371 22.0
1.6374 1.9714 1.4371 22.0
1.6374 1.9714 1.4371 22.0
1.8909 1.9229 1.4008 22.0
1.8678 1.444 1.3879 0.0
1.8678 1.444 1.3879 0.0
1.8002 1.3912 1.3509 0.0
1.8002 1.3912 1.3509 0.0
1.8002 1.3912 1.3509 0.0
1.72 1.7887 1.301 22.0
1.72 1.7887 1.301 22.0
1.72 1.7887 1.301 22.0
2.011 1.7233 1.392 0.0
2.011 1.7233 1.392 0.0
2.011 1.7233 1.392 0.0
1.9391 1.6669 1.3426 0.0
1.9391 1.6669 1.3426 0.0
1.9391 1.6669 1.3426 0.0
1.8561 1.6116 1.2843 0.0
1.8561 1.6116 1.2843 0.0
1.8561 1.6116 1.2843 0.0
1.7982 1.5746 1.2456 0.0
1.7688 1.5563 1.2265 0.0
1.7688 1.5563 1.2265 0.0
1.711 1.5215 1.1905 0.0
1.6828 1.5051 1.1737 0.0
1.6828 1.5051 1.1737 0.0
1.5977 1.8757 1.1259 22.0
1.5977 1.8757 1.1259 22.0
1.5977 1.8757 1.1259 22.0
1.9036 1.8085 1.2306 0.0
1.9036 1.8085 1.2306 0.0
1.9036 1.8085 1.2306 0.0
1.8538 1.7669 1.1985 0.0
1.8266 1.7481 1.1794 0.0
1.8266 1.7481 1.1794 0.0
1.769 1.7094 1.1404 0.0
1.7394 1.6899 1.1211 0.0
1.7394 1.6899 1.1211 0.0
1.6808 1.6524 1.0844 0.0
1.6526 1.6347 1.0675 0.0
1.6526 1.6347 1.0675 0.0
1.5918 1.5979 1.033 22.0
1.563 1.581 1.2204 22.0
1.563 1.581 1.2204 22.0
1.8928 1.5224 1.1627 0.0
1.8928 1.5224 1.1627 0.0
1.8928 1.5224 1.1627 0.0
1.8143 1.4686 1.1099 0.0
1.8143 1.4686 1.1099 0.0
1.8143 1.4686 1.1099 0.0
1.7483 1.8062 1.0652 22.0
1.719 1.7855 1.0462 22.0
1.719 1.7855 1.0462 22.0
2.0737 1.7185 1.2705 0.0
2.0737 1.7185 1.2705 0.0
2.0737 1.7185 1.2705 0.0
2.0168 1.6787 1.2246 0.0
1.9875 1.6587 1.2015 0.0
1.9875 1.6587 1.2015 0.0
1.8999 1.6006 1.1343 0.0
1.8999 1.6006 1.1343 0.0
1.8999 1.6006 1.1343 0.0
1.8127 1.5458 1.0708 0.0
1.8127 1.5458 1.0708 0.0
1.8127 1.5458 1.0708 0.0
1.7541 1.5108 1.0305 0.0
1.7242 1.4936 1.0107 0.0
1.7242 1.4936 1.0107 0.0
2.8897 1.7957 0.9567 0.0
2.8897 1.7957 0.9567 0.0
2.8897 1.7957 0.9567 0.0
2.7993 1.7361 1.1703 0.0
2.7993 1.7361 1.1703 0.0
2.7993 1.7361 1.1703 0.0
2.7089 1.6794 1.0992 0.0
2.7089 1.6794 1.0992 0.0
2.7089 1.6794 1.0992 0.0
2.6484 1.6432 1.0535 0.0
2.6189 1.6261 1.0317 0.0
2.6189 1.6261 1.0317 0.0
2.5586 1.5924 0.9887 0.0
2.5272 1.9358 0.967 0.0
2.5272 1.9358 0.967 0.0
2.4682 1.8953 0.9281 0.0
2.4396 1.8761 0.9101 0.0
2.4396 1.8761 0.9101 0.0
2.3804 1.837 0.8747 0.0
2.3506 1.8178 0.8579 0.0
2.3506 1.8178 0.8579 0.0
2.2917 1.7807 1.0995 0.0
2.2631 1.7632 1.0758 0.0
2.2631 1.7632 1.0758 0.0
2.2047 1.7283 1.028 0.0
2.1753 1.7114 1.0045 0.0
2.1753 1.7114 1.0045 0.0
2.1166 1.6785 0.9586 0.0
2.0884 1.7504 0.9371 0.0
2.0884 1.7504 0.9371 0.0
2.0295 1.7006 0.8937 0.0
2.0004 1.6763 0.873 0.0
2.0004 1.6763 0.873 0.0
1.9424 1.6282 0.8334 0.0
1.9142 1.6052 0.8152 0.0
1.9142 1.6052 0.8152 0.0
1.855 1.5573 0.779 0.0
1.8262 1.5343 0.7625 0.0
1.8262 1.5343 0.7625 0.0
1.7686 1.4891 1.3953 0.0
1.7406 1.4674 1.376 0.0
1.7406 1.4674 1.376 0.0
1.6818 1.4228 1.3365 0.0
1.6533 1.4016 1.318 0.0
1.6533 1.4016 1.318 0.0
2.0291 1.3392 1.2644 0.0
2.0291 1.3392 1.2644 0.0
2.0291 1.3392 1.2644 0.0
1.9373 1.2812 1.2161 0.0
1.9373 1.2812 1.2161 0.0
1.9373 1.2812 1.2161 0.0
1.8473 1.2284 1.8247 0.0
1.8473 1.2284 1.8247 0.0
1.8473 1.2284 1.8247 0.0
1.7844 1.1941 1.7878 -22.0
1.7524 1.3149 1.7695 -22.0
1.7524 1.3149 1.7695 -22.0
1.6953 1.2664 1.7326 -22.0
1.6692 1.2459 1.7129 -22.0
1.6692 1.2459 1.7129 -22.0
1.5986 1.1927 1.6583 -22.0
1.5986 1.1927 1.6583 -22.0
1.5986 1.1927 1.6583 -22.0
1.5594 1.1649 1.6267 -22.0
1.5421 1.1531 1.6123 -22.0
1.5421 1.1531 1.6123 -22.0
2.0659 1.1312 1.5824 0.0
2.0479 1.1217 1.5677 0.0
2.0479 1.1217 1.5677 0.0
1.9985 1.0923 1.5336 0.0
1.973 1.0777 1.5163 0.0
1.973 1.0777 1.5163 0.0
1.9187 1.3748 1.4804 0.0
1.8907 1.3497 1.4623 0.0
1.8907 1.3497 1.4623 0.0
1.8312 1.2967 1.425 0.0
1.8006 1.2698 1.4065 0.0
1.8006 1.2698 1.4065 0.0
1.7398 1.2168 1.371 0.0
1.7103 1.1914 1.3545 0.0
1.7103 1.1914 1.3545 0.0
1.6494 1.1396 1.3219 0.0
1.6191 1.1143 1.8939 -22.0
1.6191 1.1143 1.8939 -22.0
1.563 1.0705 1.8486 -22.0
1.5389 1.0539 1.8254 -22.0
1.5389 1.0539 1.8254 -22.0
2.1022 1.0259 1.2203 0.0
2.0807 1.0147 1.2041 0.0
2.0807 1.0147 1.2041 0.0
2.0248 0.9799 1.718 0.0
1.9971 0.9635 1.6972 0.0
1.9971 0.9635 1.6972 0.0
1.9374 0.9299 1.6531 0.0
1.9068 1.3174 1.6309 0.0
1.9068 1.3174 1.6309 0.0
1.8462 1.2631 1.5878 0.0
1.8165 1.2367 1.5671 0.0
1.8165 1.2367 1.5671 0.0
1.7565 1.1841 1.5264 0.0
1.7268 1.1582 1.5067 0.0
1.7268 1.1582 1.5067 0.0
1.6675 1.1075 1.4685 0.0
1.6384 1.0829 1.4503 0.0
1.6384 1.0829 1.4503 0.0
1.6075 1.0571 1.4314 0.0
1.5462 1.007 1.3954 0.0
1.5462 1.007 1.3954 0.0
1.4868 0.96 1.3623 0.0
1.4573 0.9372 1.8865 -22.0
1.4573 0.9372 1.8865 -22.0
2.2591 0.8992 1.838 0.0
2.2308 0.8863 1.2925 0.0
2.2308 0.8863 1.2925 0.0
2.1684 0.8482 1.766 0.0
2.1392 0.8314 1.744 0.0
2.1392 0.8314 1.744 0.0
2.1392 0.8314 1.744 0.0
2.0487 1.2112 1.6778 0.0
2.0487 1.2112 1.6778 0.0
2.0487 1.2112 1.6778 0.0
1.9591 1.1303 1.6146 0.0
1.9591 1.1303 1.6146 0.0
1.8999 1.0778 1.5744 0.0
1.869 1.0509 1.5541 0.0
1.869 1.0509 1.5541 0.0
1.8097 0.9998 1.5159 0.0
1.781 0.9755 1.498 0.0
1.781 0.9755 1.498 0.0
1.7221 0.9268 1.4626 0.0
1.691 0.9016 1.4445 0.0
1.691 0.9016 1.4445 0.0
1.691 0.9016 1.4445 0.0
1.9067 0.8344 1.4188 0.0
1.9067 0.8344 1.4188 0.0
1.8418 0.7903 1.3695 0.0
1.8126 0.7714 1.3477 0.0
1.8126 0.7714 1.3477 0.0
1.7516 0.7344 1.3033 0.0
1.7207 0.7169 1.2813 0.0
1.7207 0.7169 1.2813 0.0
1.6603 1.1533 1.2395 0.0
1.6307 1.1346 1.2197 0.0
1.6307 1.1346 1.2197 0.0
1.6307 1.1346 1.2197 0.0
1.5388 1.0794 1.1607 0.0
1.5388 1.0794 1.1607 0.0
1.4784 1.5183 1.1245 22.0
1.4485 1.4995 1.1074 22.0
1.4485 1.4995 1.1074 22.0
1.3977 1.4538 1.1497 22.0
1.3762 1.4327 1.1344 22.0
1.3762 1.4327 1.1344 22.0
1.3762 1.4327 1.1344 22.0
1.6661 0.9165 1.0986 0.0
1.6661 0.9165 1.0986 0.0
1.6215 0.8839 1.0743 0.0
1.5956 1.3117 1.0578 0.0
1.5956 1.3117 1.0578 0.0
1.5433 1.2758 1.0258 0.0
1.5167 1.2579 1.0103 0.0
1.5167 1.2579 1.0103 0.0
1.4581 1.22 0.9779 0.0
1.4274 1.2007 1.1097 0.0
1.4274 1.2007 1.1097 0.0
1.3628 1.162 1.0546 0.0
1.3339 1.1455 1.0303 0.0
1.3339 1.1455 1.0303 0.0
1.2729 2.9162 0.98 22.0
1.2439 2.8892 0.9566 22.0
1.2439 2.8892 0.9566 22.0
1.5815 2.8307 0.9249 22.0
1.5562 2.8024 0.9127 22.0
1.5562 2.8024 0.9127 22.0
1.5562 2.8024 0.9127 22.0
1.491 0.9773 0.8904 0.0
1.491 0.9773 0.8904 0.0
1.491 0.9773 0.8904 0.0
1.4191 3.2073 1.0625 22.0
1.4191 3.2073 1.0625 22.0
1.4191 3.2073 1.0625 22.0
1.7698 2.9908 1.0112 22.0
1.7698 2.9908 1.0112 22.0
1.7698 2.9908 1.0112 22.0
1.7094 1.5262 0.9799 0.0
1.7094 1.5262 0.9799 0.0
1.7094 1.5262 0.9799 0.0
1.9464 1.4826 0.9467 0.0
1.9464 1.4826 0.9467 0.0
1.9464 1.4826 0.9467 0.0
1.8957 2.1557 0.9208 22.0
1.8688 2.1412 1.1863 22.0
1.8688 2.1412 1.1863 22.0
1.7911 2.0881 1.1352 22.0
1.7911 2.0881 1.1352 22.0
1.7911 2.0881 1.1352 22.0
1.745 2.0491 1.112 22.0
1.7241 1.3404 1.103 0.0
1.7241 1.3404 1.103 0.0
1.6599 1.2908 1.0756 0.0
1.6599 1.2908 1.0756 0.0
1.6599 1.2908 1.0756 0.0
1.5833 1.9279 1.3616 22.0
1.5833 1.9279 1.3616 22.0
1.5833 1.9279 1.3616 22.0
1.5124 1.8713 1.3158 22.0
1.5124 1.8713 1.3158 22.0
1.5124 1.8713 1.3158 22.0
1.9117 1.83 1.2955 0.0
1.8886 1.8095 1.2875 0.0
1.8886 1.8095 1.2875 0.0
1.8137 1.762 1.2481 0.0
1.8137 1.762 1.2481 0.0
1.8137 1.762 1.2481 0.0
1.7317 1.7122 1.3153 0.0
1.7317 1.7122 1.3153 0.0
1.7317 1.7122 1.3153 0.0
1.6409 1.6602 1.2376 22.0
1.6409 1.6602 1.2376 22.0
1.6409 1.6602 1.2376 22.0
1.5853 1.6148 1.1978 22.0
1.5588 1.5915 1.1803 22.0
1.5588 1.5915 1.1803 22.0
2.0306 1.5217 1.1377 0.0
2.0306 1.5217 1.1377 0.0
2.0306 1.5217 1.1377 0.0
1.9748 1.4873 1.1027 0.0
1.947 1.4707 1.0859 0.0
1.947 1.4707 1.0859 0.0
1.8571 1.4193 1.035 0.0
1.8571 1.4193 1.035 0.0
1.8571 1.4193 1.035 0.0
1.7668 1.9883 1.2452 22.0
1.7668 1.9883 1.2452 22.0
1.7668 1.9883 1.2452 22.0
1.7074 1.9424 1.1948 22.0
1.6799 1.9172 1.1735 22.0
1.6799 1.9172 1.1735 22.0
1.6015 1.2527 1.1169 0.0
1.6015 1.2527 1.1169 0.0
1.6015 1.2527 1.1169 0.0
1.5268 1.7749 1.063 22.0
1.5268 1.7749 1.063 22.0
1.5268 1.7749 1.063 22.0
2.0492 1.7055 1.018 0.0
2.0492 1.7055 1.018 0.0
2.0492 1.7055 1.018 0.0
1.9986 1.661 0.993 0.0
1.9724 1.6406 0.979 0.0
1.9724 1.6406 0.979 0.0
1.917 1.5982 1.3378 0.0
1.8873 1.5758 1.3116 0.0
1.8873 1.5758 1.3116 0.0
1.8278 1.5318 1.2595 0.0
1.7968 1.5093 1.2328 0.0
1.7968 1.5093 1.2328 0.0
1.7387 1.4682 1.1833 0.0
1.7089 1.4476 1.1583 0.0
1.7089 1.4476 1.1583 0.0
1.6226 1.3899 1.0874 0.0
1.6226 1.3899 1.0874 0.0
1.6226 1.3899 1.0874 0.0
1.5369 1.3362 1.02 0.0
1.5369 1.3362 1.02 0.0
1.5369 1.3362 1.02 0.0
2.1028 1.3021 0.9764 0.0
2.0727 1.7829 0.9558 0.0
2.0727 1.7829 0.9558 0.0
2.013 2.2746 0.9166 22.0
1.9837 2.2539 0.8983 22.0
1.9837 2.2539 0.8983 22.0
1.9299 2.2035 0.8761 22.0
1.9049 1.6765 1.3003 0.0
1.9049 1.6765 1.3003 0.0
1.8542 1.6418 1.2572 0.0
1.828 2.1131 1.2345 22.0
1.828 2.1131 1.2345 22.0
1.99 2.0667 1.1924 22.0
1.9637 1.5733 1.1752 0.0
1.9637 1.5733 1.1752 0.0
1.9111 1.5393 1.1398 0.0
1.8839 1.9753 1.1207 22.0
1.8839 1.9753 1.1207 22.0
1.8277 1.926 1.0863 22.0
1.8025 1.9008 1.0738 22.0
1.8025 1.9008 1.0738 22.0
2.0427 1.4326 1.0524 0.0
2.0174 1.4147 1.558 0.0
2.0174 1.4147 1.558 0.0
1.9661 1.7854 1.5191 0.0
1.9397 1.7639 1.4993 0.0
1.9397 1.7639 1.4993 0.0
1.8829 1.7182 1.4576 0.0
1.8541 1.6952 1.4369 0.0
1.8541 1.6952 1.4369 0.0
1.7942 1.6482 1.3947 0.0
1.7641 1.6249 1.3741 0.0
1.7641 1.6249 1.3741 0.0
1.704 1.5791 1.334 0.0
1.6747 1.5571 1.3151 0.0
1.6747 1.5571 1.3151 0.0
1.6132 1.5118 1.2766 0.0
1.5833 1.4903 1.2587 0.0
1.5833 1.4903 1.2587 0.0
1.5237 1.4482 1.2243 0.0
1.4937 1.4276 1.2079 0.0
1.4937 1.4276 1.2079 0.0
1.4349 1.3882 1.2135 0.0
1.4054 1.3689 1.1889 0.0
1.4054 1.3689 1.1889 0.0
1.376 1.3501 1.1648 0.0
1.311 1.3102 1.1124 0.0
1.311 1.3102 1.1124 0.0
1.2528 1.2763 1.0669 22.0
1.2238 1.7304 1.0447 22.0
1.2238 1.7304 1.0447 22.0
1.8631 1.2184 1.0127 0.0
2.1681 1.199 0.9991 0.0
2.1681 1.199 0.9991 0.0
2.1384 1.642 0.9819 0.0
2.0723 1.5999 0.9457 0.0
2.0723 1.5999 0.9457 0.0
2.0723 1.5999 0.9457 0.0
1.9774 1.5428 0.9829 0.0
1.9774 1.5428 0.9829 0.0
1.9774 1.5428 0.9829 0.0
1.8845 1.4906 0.9058 0.0
1.8845 1.4906 0.9058 0.0
1.8845 1.4906 0.9058 0.0
1.7956 1.8931 0.8354 22.0
1.7956 1.8931 0.8354 22.0
1.7956 1.8931 0.8354 22.0
1.7172 1.8274 0.7869 22.0
1.7172 1.8274 0.7869 22.0
1.7172 1.8274 0.7869 22.0
2.0333 1.352 0.76 0.0
2.0078 1.3355 1.3677 0.0
2.0078 1.3355 1.3677 0.0
1.9575 1.7301 1.3298 0.0
1.9316 1.7126 1.3107 0.0
1.9316 1.7126 1.3107 0.0
1.848 1.6579 1.2507 0.0
1.848 1.6579 1.2507 0.0
1.848 1.6579 1.2507 0.0
1.7898 1.6215 1.2109 0.0
1.7604 1.6036 1.1913 0.0
1.7604 1.6036 1.1913 0.0
1.703 1.5697 1.1546 0.0
1.6751 1.5538 1.1374 0.0
1.6751 1.5538 1.1374 0.0
1.617 2.6247 1.1032 22.0
1.587 2.6064 1.0864 22.0
1.587 2.6064 1.0864 22.0
1.6797 2.5476 1.2026 22.0
1.6797 2.5476 1.2026 22.0
1.6797 2.5476 1.2026 22.0
1.6249 2.5079 1.169 22.0
1.5979 1.4031 1.1532 0.0
1.5979 1.4031 1.1532 0.0
1.5249 1.3604 1.1122 0.0
1.5249 1.3604 1.1122 0.0
1.5249 1.3604 1.1122 0.0
1.4454 2.3847 1.0693 22.0
1.4454 2.3847 1.0693 22.0
1.4454 2.3847 1.0693 22.0
1.3918 2.3454 1.2804 22.0
1.367 1.9719 1.2643 22.0
1.367 1.9719 1.2643 22.0
1.3208 1.9387 1.2354 22.0
1.2992 1.9232 1.2225 22.0
1.2992 1.9232 1.2225 22.0
1.7053 1.1868 1.1886 0.0
1.7053 1.1868 1.1886 0.0
1.7053 1.1868 1.1886 0.0
1.6602 1.8486 1.1964 22.0
1.6355 1.8329 1.1732 22.0
1.6355 1.8329 1.1732 22.0
2.0524 1.0999 1.1197 0.0
2.0524 1.0999 1.1197 0.0
2.0524 1.0999 1.1197 0.0
2.0102 1.7474 1.0838 0.0
1.9882 1.7324 1.0648 0.0
1.9882 1.7324 1.0648 0.0
2.3638 1.7011 1.025 0.0
2.3357 1.6841 1.0033 0.0
2.3357 1.6841 1.0033 0.0
2.2519 1.6352 0.9407 0.0
2.2519 1.6352 0.9407 0.0
2.2519 1.6352 0.9407 0.0
2.1908 1.6015 0.8973 0.0
2.1606 1.8488 0.8767 0.0
2.1606 1.8488 0.8767 0.0
2.0997 1.8053 0.837 0.0
2.0697 1.7843 0.8184 0.0
2.0697 1.7843 0.8184 0.0
1.9779 1.7216 0.7661 0.0
1.9779 1.7216 0.7661 0.0
1.9779 1.7216 0.7661 0.0
1.8873 1.6624 1.0729 0.0
1.8873 1.6624 1.0729 0.0
1.8873 1.6624 1.0729 0.0
1.8256 1.6239 1.0268 0.0
1.7959 1.6058 1.0052 0.0
1.7959 1.6058 1.0052 0.0
1.7355 1.5703 0.9628 0.0
1.7049 1.5528 0.942 0.0
1.7049 1.5528 0.942 0.0
1.6451 1.5201 0.9033 0.0
1.6158 1.7656 0.8852 22.0
1.6158 1.7656 0.8852 22.0
1.5557 1.7222 0.8501 22.0
1.5289 1.6978 0.8399 22.0
1.5289 1.6978 0.8399 22.0
1.458 1.4044 1.1665 0.0
1.458 1.4044 1.1665 0.0
1.458 1.4044 1.1665 0.0
1.4049 1.5894 1.1302 22.0
1.3777 1.5681 1.1122 22.0
1.3777 1.5681 1.1122 22.0
2.3214 1.5212 1.0904 0.0
2.8931 1.4997 1.313 0.0
2.8931 1.4997 1.313 0.0
2.8398 1.457 1.2635 0.0
2.8126 1.4356 1.2384 0.0
2.8126 1.4356 1.2384 0.0
2.7554 1.3914 1.1863 0.0
2.7273 1.3701 1.1609 0.0
2.7273 1.3701 1.1609 0.0
2.7964 1.3072 1.085 0.0
2.7964 1.3072 1.085 0.0
2.7964 1.3072 1.085 0.0
2.7344 1.2665 1.0348 0.0
2.7046 1.2475 1.0112 0.0
2.7046 1.2475 1.0112 0.0
2.6433 1.21 0.9637 0.0
2.613 1.1922 0.9409 0.0
2.613 1.1922 0.9409 0.0
2.5218 1.78 0.8749 0.0
2.5218 1.78 0.8749 0.0
2.5218 1.78 0.8749 0.0
2.4613 1.7386 0.8339 0.0
2.4304 1.7179 0.8139 0.0
2.4304 1.7179 0.8139 0.0
2.3399 1.6591 0.7598 0.0
2.3399 1.6591 0.7598 0.0
2.3399 1.6591 0.7598 0.0
2.2787 1.621 0.7274 0.0
2.2482 1.6026 1.1218 0.0
2.2482 1.6026 1.1218 0.0
2.1583 1.5507 1.0585 0.0
2.1583 1.5507 1.0585 0.0
2.1583 1.5507 1.0585 0.0
2.0969 1.5172 1.0177 0.0
2.0657 1.6813 0.9977 0.0
2.0657 1.6813 0.9977 0.0
1.9756 1.6152 0.9439 0.0
1.9756 1.6152 0.9439 0.0
1.9756 1.6152 0.9439 0.0
1.9149 1.572 0.9109 0.0
1.885 1.5512 1.3044 0.0
1.885 1.5512 1.3044 0.0
1.8248 1.5103 1.2624 0.0
1.7956 1.4909 1.2426 0.0
1.7956 1.4909 1.2426 0.0
1.7356 1.4522 1.2031 0.0
1.7058 1.4335 1.1841 0.0
1.7058 1.4335 1.1841 0.0
1.6456 1.397 1.1474 0.0
1.6162 1.3798 1.1302 0.0
1.6162 1.3798 1.1302 0.0
1.5562 1.3461 1.0969 0.0
1.5265 1.5226 1.0812 0.0
1.5265 1.5226 1.0812 0.0
1.4664 1.476 2.1373 0.0
1.4377 1.454 2.1196 0.0
1.4377 1.454 2.1196 0.0
1.3784 1.4095 2.0841 0.0
1.349 1.3879 2.0669 0.0
1.349 1.3879 2.0669 0.0
1.2903 1.3456 2.0334 0.0
1.2616 1.3254 2.0174 0.0
1.2616 1.3254 2.0174 0.0
1.2026 1.2849 1.9855 0.0
1.1737 1.2656 1.9703 0.0
1.1737 1.2656 1.9703 0.0
1.1159 1.2284 2.3256 0.0
1.0881 1.211 2.3081 0.0
1.0881 1.211 2.3081 0.0
1.0301 1.1763 2.2723 0.0
1.0012 1.1597 2.2547 0.0
1.0012 1.1597 2.2547 0.0
1.3635 0.945 2.2211 -22.0
1.3341 0.9176 2.2052 -22.0
1.3341 0.9176 2.2052 -22.0
1.2442 0.8403 2.1404 -22.0
1.2442 0.8403 2.1404 -22.0
1.2442 0.8403 2.1404 -22.0
1.1762 0.7902 2.0739 -22.0
1.1762 0.7902 2.0739 -22.0
1.1762 0.7902 2.0739 -22.0
1.5619 0.7577 2.0064 -22.0
1.5619 0.7577 2.0064 -22.0
1.5619 0.7577 2.0064 -22.0
1.8941 0.7447 1.646 0.0
1.8696 1.0757 1.6241 0.0
1.8696 1.0757 1.6241 0.0
1.7945 1.0225 1.5757 0.0
1.7945 1.0225 1.5757 0.0
1.7945 1.0225 1.5757 0.0
1.7131 0.9614 1.8196 -22.0
1.7131 0.9614 1.8196 -22.0
1.7131 0.9614 1.8196 -22.0
1.6313 0.9131 1.7538 -22.0
1.6313 0.9131 1.7538 -22.0
1.6313 0.9131 1.7538 -22.0
1.5826 0.8934 1.707 -22.0
1.5594 1.2556 1.4292 0.0
1.5594 1.2556 1.4292 0.0
1.514 1.2247 1.3977 0.0
1.49 1.2069 1.624 -22.0
1.49 1.2069 1.624 -22.0
1.4425 1.1756 1.583 -22.0
1.4217 1.1644 1.5612 -22.0
1.4217 1.1644 1.5612 -22.0
2.369 1.1457 1.3045 0.0
2.908 1.3634 1.2867 0.0
2.908 1.3634 1.2867 0.0
2.8607 1.3189 1.4567 0.0
2.8362 1.2959 1.4371 0.0
2.8362 1.2959 1.4371 0.0
2.7836 1.2471 1.3959 0.0
2.7567 1.2223 1.3752 0.0
2.7567 1.2223 1.3752 0.0
2.7004 1.1709 1.3328 0.0
3.0773 1.1446 1.3113 0.0
3.0773 1.1446 1.3113 0.0
3.0165 1.0924 1.2693 0.0
2.9869 1.0674 1.2495 0.0
2.9869 1.0674 1.2495 0.0
2.9251 1.0162 1.2096 0.0
2.8944 0.9914 1.1906 0.0
2.8944 0.9914 1.1906 0.0
2.8347 0.9442 1.1552 0.0
2.8043 0.9209 1.1381 0.0
2.8043 0.9209 1.1381 0.0
2.7454 0.8772 1.744 0.0
2.716 0.8562 1.7236 0.0
2.716 0.8562 1.7236 0.0
2.685 0.8347 1.7024 0.0
2.6253 0.7955 1.6625 0.0
2.6253 0.7955 1.6625 0.0
2.5644 0.7587 1.6232 0.0
2.5342 1.1546 1.6044 0.0
2.5342 1.1546 1.6044 0.0
2.4754 1.1087 1.5688 0.0
2.4467 1.0868 1.552 0.0
2.4467 1.0868 1.552 0.0
2.3878 1.0433 1.5189 0.0
2.3587 1.0225 1.5031 0.0
2.3587 1.0225 1.5031 0.0
2.4794 0.9827 1.6466 0.0
2.4485 0.9638 1.6249 0.0
2.4485 0.9638 1.6249 0.0
2.4485 0.9638 1.6249 0.0
2.3512 0.9089 1.5585 0.0
2.3512 0.9089 1.5585 0.0
2.289 1.2755 1.5178 0.0
2.259 1.2544 1.4987 0.0
2.259 1.2544 1.4987 0.0
2.1969 1.2122 1.4605 0.0
2.1652 1.1913 1.4416 0.0
2.1652 1.1913 1.4416 0.0
2.132 1.17 1.4223 0.0
2.0663 1.1295 1.3857 0.0
2.0663 1.1295 1.3857 0.0
2.0663 1.1295 1.3857 0.0
1.9684 1.0739 1.5259 0.0
1.9684 1.0739 1.5259 0.0
1.9072 3.3187 1.481 22.0
1.8767 3.2916 1.459 22.0
1.8767 3.2916 1.459 22.0
1.8475 3.2619 1.4422 22.0
1.7939 2.3784 1.4129 22.0
1.7939 2.3784 1.4129 22.0
1.7939 2.3784 1.4129 22.0
1.7208 1.625 1.3764 0.0
1.7208 1.625 1.3764 0.0
1.7208 1.625 1.3764 0.0
1.6493 1.5809 1.5853 0.0
1.6493 1.5809 1.5853 0.0
1.6493 1.5809 1.5853 0.0
1.9243 2.2493 1.5472 22.0
1.895 2.2331 1.5282 22.0
1.895 2.2331 1.5282 22.0
1.8366 2.1964 1.496 22.0
1.8093 2.1767 1.484 22.0
1.8093 2.1767 1.484 22.0
1.7582 1.4502 1.4546 0.0
1.7339 1.4342 1.4354 0.0
1.7339 1.4342 1.4354 0.0
1.6619 1.3921 1.3777 0.0
1.6619 1.3921 1.3777 0.0
1.6619 1.3921 1.3777 0.0
1.6076 2.0404 1.3345 22.0
1.5803 2.0237 1.3131 22.0
1.5803 2.0237 1.3131 22.0
1.509 1.9639 1.2671 22.0
1.509 1.9639 1.2671 22.0
1.509 1.9639 1.2671 22.0
1.9416 1.2686 1.2433 0.0
1.9195 1.2541 1.2326 0.0
1.9195 1.2541 1.2326 0.0
1.853 1.8646 1.199 22.0
1.853 1.8646 1.199 22.0
1.853 1.8646 1.199 22.0
1.8055 1.8284 1.3512 22.0
1.7837 1.8093 1.3341 22.0
1.7837 1.8093 1.3341 22.0
1.7435 1.1414 1.3034 0.0
1.7252 1.1275 1.2899 0.0
1.7252 1.1275 1.2899 0.0
1.68 1.7224 1.2538 22.0
1.6567 1.7052 1.2354 22.0
1.6567 1.7052 1.2354 22.0
2.1839 1.6664 1.2094 0.0
2.1642 1.6486 1.1985 0.0
2.1642 1.6486 1.1985 0.0
2.1174 1.6144 1.1677 0.0
2.0933 1.597 1.1522 0.0
2.0933 1.597 1.1522 0.0
2.0416 1.5604 1.1202 0.0
2.015 1.5419 1.1043 0.0
2.015 1.5419 1.1043 0.0
1.9582 1.5032 1.072 0.0
1.929 1.4838 1.0562 0.0
1.929 1.4838 1.0562 0.0
1.8693 1.4453 1.3316 0.0
1.8393 1.4264 1.305 0.0
1.8393 1.4264 1.305 0.0
1.7785 1.3896 1.2517 0.0
1.749 1.3724 1.2261 0.0
1.749 1.3724 1.2261 0.0
1.6892 1.3389 1.1748 0.0
1.6593 1.9188 1.1495 22.0
1.6593 1.9188 1.1495 22.0
1.602 1.8717 1.1042 22.0
1.5779 1.8483 1.0872 22.0
1.5779 1.8483 1.0872 22.0
2.1429 1.2331 1.059 0.0
2.1218 1.2167 1.0477 0.0
2.1218 1.2167 1.0477 0.0
2.0685 1.7426 1.0134 0.0
2.0404 1.721 0.996 0.0
2.0404 1.721 0.996 0.0
2.0404 1.721 0.996 0.0
1.9507 1.6536 0.9443 0.0
1.9507 1.6536 0.9443 0.0
1.9507 1.6536 0.9443 0.0
1.8631 1.5901 1.2809 0.0
1.8631 1.5901 1.2809 0.0
1.8026 1.5477 1.2274 0.0
1.7727 1.5272 1.2013 0.0
1.7727 1.5272 1.2013 0.0
1.7139 1.4879 1.1504 0.0
1.6854 1.4694 1.1261 0.0
1.6854 1.4694 1.1261 0.0
1.6259 1.4318 1.0762 0.0
1.597 1.4142 1.0523 0.0
1.597 1.4142 1.0523 0.0
1.597 1.4142 1.0523 0.0
1.5054 1.3611 0.9789 0.0
1.5054 1.3611 0.9789 0.0
1.5054 1.3611 0.9789 0.0
1.417 1.845 0.9118 22.0
1.417 1.845 0.9118 22.0
1.9875 1.7978 0.8767 0.0
1.9634 1.7748 0.8656 0.0
1.9634 1.7748 0.8656 0.0
1.9634 1.7748 0.8656 0.0
1.8757 1.7098 0.8169 0.0
1.8757 1.7098 0.8169 0.0
1.8757 1.7098 0.8169 0.0
1.787 1.6462 1.182 0.0
1.787 1.6462 1.182 0.0
1.787 1.6462 1.182 0.0
1.6956 1.5835 1.1013 0.0
1.6956 1.5835 1.1013 0.0
1.6956 1.5835 1.1013 0.0
1.6365 1.5445 1.0501 0.0
1.6079 1.5261 1.0257 0.0
1.6079 1.5261 1.0257 0.0
1.5202 1.472 0.9527 0.0
1.5202 1.472 0.9527 0.0
1.5202 1.472 0.9527 0.0
1.4623 1.4383 0.9063 0.0
1.4328 1.918 0.8832 22.0
1.4328 1.918 0.8832 22.0
2.0225 1.8808 0.8457 0.0
1.9977 1.3667 0.8329 0.0
1.9977 1.3667 0.8329 0.0
1.9462 1.332 0.8057 0.0
1.9172 1.807 0.7894 0.0
1.9172 1.807 0.7894 0.0
1.8588 1.7739 1.2311 0.0
1.8298 2.2498 1.205 22.0
1.8298 2.2498 1.205 22.0
1.7764 2.2124 1.159 22.0
1.9953 1.7035 1.1412 0.0
1.9953 1.7035 1.1412 0.0
1.9427 1.6685 1.1032 0.0
1.9136 2.1378 1.0811 22.0
1.9136 2.1378 1.0811 22.0
1.8578 2.0991 1.0432 22.0
1.8334 1.5975 1.0299 0.0
1.8334 1.5975 1.0299 0.0
1.7839 1.5626 1.0017 0.0
1.7566 2.0227 0.9849 22.0
1.7566 2.0227 0.9849 22.0
1.7028 1.9823 0.9579 22.0
1.9855 1.491 1.4844 0.0
1.9855 1.491 1.4844 0.0
1.9338 1.4557 1.449 0.0
1.9052 1.9025 1.4279 0.0
1.9052 1.9025 1.4279 0.0
1.8434 1.8643 1.3833 22.0
1.8142 1.8468 1.3628 22.0
1.8142 1.8468 1.3628 22.0
1.7636 1.8017 1.3371 22.0
1.7423 1.7808 1.328 22.0
1.7423 1.7808 1.328 22.0
2.0567 1.2968 1.4362 0.0
2.0372 1.2786 1.4247 0.0
2.0372 1.2786 1.4247 0.0
1.9581 1.6624 1.3655 0.0
1.9581 1.6624 1.3655 0.0
1.9581 1.6624 1.3655 0.0
1.8745 1.608 1.3055 0.0
1.8745 1.608 1.3055 0.0
1.8745 1.608 1.3055 0.0
1.7858 1.5534 1.2451 0.0
1.7858 1.5534 1.2451 0.0
1.7858 1.5534 1.2451 0.0
1.699 1.5034 1.1898 0.0
1.699 1.5034 1.1898 0.0
1.699 1.5034 1.1898 0.0
1.6113 1.8768 1.1384 22.0
1.6113 1.8768 1.1384 22.0
1.6113 1.8768 1.1384 22.0
1.9424 1.8355 1.2596 0.0
1.9179 1.8132 1.2438 0.0
1.9179 1.8132 1.2438 0.0
1.8391 1.7538 1.1897 0.0
1.8391 1.7538 1.1897 0.0
1.8391 1.7538 1.1897 0.0
1.7523 1.6982 1.1296 0.0
1.7523 1.6982 1.1296 0.0
1.7523 1.6982 1.1296 0.0
1.6938 1.6623 1.0913 0.0
1.6642 1.6447 1.0727 0.0
1.6642 1.6447 1.0727 0.0
1.5786 2.0051 1.0223 22.0
1.5786 2.0051 1.0223 22.0
1.5786 2.0051 1.0223 22.0
1.9388 1.5535 1.1958 0.0
1.9153 1.5325 1.181 0.0
1.9153 1.5325 1.181 0.0
1.8599 1.501 1.1395 0.0
1.8316 1.873 1.1187 22.0
1.8316 1.873 1.1187 22.0
1.7761 1.8272 1.0832 22.0
1.7523 1.4271 1.0716 0.0
1.7523 1.4271 1.0716 0.0
2.7844 1.7353 1.0308 0.0
2.7844 1.7353 1.0308 0.0
2.7844 1.7353 1.0308 0.0
2.8416 1.6728 1.2267 0.0
2.8416 1.6728 1.2267 0.0
2.8416 1.6728 1.2267 0.0
2.7842 1.6332 1.1813 0.0
2.756 1.6143 1.1595 0.0
2.756 1.6143 1.1595 0.0
2.9575 1.5582 1.0951 0.0
2.9575 1.5582 1.0951 0.0
2.9575 1.5582 1.0951 0.0
2.8691 1.5053 1.0343 0.0
2.8691 1.5053 1.0343 0.0
2.8691 1.5053 1.0343 0.0
2.7819 1.5529 0.9794 0.0
2.7819 1.5529 0.9794 0.0
2.7819 1.5529 0.9794 0.0
2.6958 1.4768 0.9309 0.0
2.6958 1.4768 0.9309 0.0
2.6958 1.4768 0.9309 0.0
2.638 1.4267 1.1511 0.0
2.6091 1.4018 1.1272 0.0
2.6091 1.4018 1.1272 0.0
2.7714 1.3302 1.0592 0.0
2.7714 1.3302 1.0592 0.0
2.7714 1.3302 1.0592 0.0
2.679 1.26 0.9938 0.0
2.679 1.26 0.9938 0.0
2.679 1.26 0.9938 0.0
2.6181 1.2155 0.9532 0.0
2.5869 1.1932 0.9334 0.0
2.5869 1.1932 0.9334 0.0
2.4963 1.1311 0.8795 0.0
2.4963 1.1311 0.8795 0.0
2.4963 1.1311 0.8795 0.0
2.4061 1.0734 1.4962 0.0
2.4061 1.0734 1.4962 0.0
2.4061 1.0734 1.4962 0.0
2.3457 1.0376 1.4573 0.0
2.3144 1.0199 1.4377 0.0
2.3144 1.0199 1.4377 0.0
2.2531 1.3584 1.4007 0.0
2.2232 1.3365 1.3833 0.0
2.2232 1.3365 1.3833 0.0
2.1333 1.2726 1.3336 0.0
2.1333 1.2726 1.3336 0.0
2.1333 1.2726 1.3336 0.0
2.073 1.2315 1.5448 0.0
2.0434 1.2121 1.523 0.0
2.0434 1.2121 1.523 0.0
1.9537 1.1558 1.4587 0.0
1.9537 1.1558 1.4587 0.0
1.9537 1.1558 1.4587 0.0
1.8631 1.1036 1.3966 0.0
1.8631 1.1036 1.3966 0.0
1.8631 1.1036 1.3966 0.0
1.7735 1.4157 1.3387 0.0
1.7735 1.4157 1.3387 0.0
1.7735 1.4157 1.3387 0.0
1.7138 1.3734 1.3022 0.0
1.6828 1.352 1.2839 0.0
1.6828 1.352 1.2839 0.0
1.5938 1.2928 1.2345 0.0
1.5938 1.2928 1.2345 0.0
1.5938 1.2928 1.2345 0.0
1.5349 1.2557 1.4467 0.0
1.505 1.2376 1.424 0.0
1.505 1.2376 1.424 0.0
1.4454 1.2029 1.3797 0.0
1.4164 1.1868 1.3585 0.0
1.4164 1.1868 1.3585 0.0
1.3566 1.8556 1.3159 22.0
1.3268 2.1932 1.2953 22.0
1.3268 2.1932 1.2953 22.0
1.702 1.7694 1.2507 22.0
1.702 1.7694 1.2507 22.0
1.702 1.7694 1.2507 22.0
1.6553 1.7228 1.2101 22.0
2.1015 1.6985 1.1918 0.0
2.1015 1.6985 1.1918 0.0
2.4291 1.6339 1.1402 0.0
2.4291 1.6339 1.1402 0.0
2.4291 1.6339 1.1402 0.0
2.3486 1.585 1.0792 0.0
2.3486 1.585 1.0792 0.0
2.3486 1.585 1.0792 0.0
2.2903 1.5512 1.0367 0.0
2.2589 1.5337 1.0146 0.0
2.2589 1.5337 1.0146 0.0
2.1663 1.763 0.9522 0.0
2.1663 1.763 0.9522 0.0
2.1663 1.763 0.9522 0.0
2.0744 1.6986 0.8957 0.0
2.0744 1.6986 0.8957 0.0
2.0744 1.6986 0.8957 0.0
2.0129 1.657 0.8614 0.0
1.9819 1.6366 0.8454 0.0
1.9819 1.6366 0.8454 0.0
1.921 1.5974 1.1498 0.0
1.8899 1.5779 1.1264 0.0
1.8899 1.5779 1.1264 0.0
1.798 1.5227 1.0598 0.0
1.798 1.5227 1.0598 0.0
1.798 1.5227 1.0598 0.0
1.7064 1.4715 0.9976 0.0
1.7064 1.4715 0.9976 0.0
1.7064 1.4715 0.9976 0.0
1.6147 1.6948 0.9404 22.0
1.6147 1.6948 0.9404 22.0
1.6147 1.6948 0.9404 22.0
1.56 1.6416 1.278 22.0
1.5339 1.6142 1.2622 22.0
1.5339 1.6142 1.2622 22.0
1.9546 1.2936 1.2263 0.0
1.9546 1.2936 1.2263 0.0
1.9546 1.2936 1.2263 0.0
2.3968 1.4903 1.1946 0.0
2.3698 1.4684 1.1789 0.0
2.3698 1.4684 1.1789 0.0
2.3136 1.4235 1.1477 0.0
2.2842 1.4005 1.3066 0.0
2.2842 1.4005 1.3066 0.0
2.7177 1.3539 1.2496 0.0
2.689 1.3326 1.2232 0.0
2.689 1.3326 1.2232 0.0
2.6311 1.2906 1.1704 0.0
2.6009 1.2693 1.1432 0.0
2.6009 1.2693 1.1432 0.0
3.0145 1.23 1.092 0.0
2.9848 1.2116 1.0674 0.0
2.9848 1.2116 1.0674 0.0
2.9236 1.1751 1.0178 0.0
2.8919 1.157 0.9926 0.0
2.8919 1.157 0.9926 0.0
2.8304 1.776 0.9451 0.0
2.8007 1.756 0.9228 0.0
2.8007 1.756 0.9228 0.0
2.7396 1.7159 0.8784 0.0
2.7092 1.6964 0.8572 0.0
2.7092 1.6964 0.8572 0.0
2.6487 1.6587 0.8168 0.0
2.6192 1.6408 0.798 0.0
2.6192 1.6408 0.798 0.0
2.528 1.5879 0.745 0.0
2.528 1.5879 0.745 0.0
2.528 1.5879 0.745 0.0
2.4382 1.7474 1.0839 0.0
2.4382 1.7474 1.0839 0.0
2.4382 1.7474 1.0839 0.0
2.3473 1.6811 1.0182 0.0
2.3473 1.6811 1.0182 0.0
2.3473 1.6811 1.0182 0.0
2.2563 1.6173 0.957 0.0
2.2563 1.6173 0.957 0.0
2.2563 1.6173 0.957 0.0
2.196 1.5766 0.9193 0.0
2.1656 1.5567 0.9014 0.0
2.1656 1.5567 0.9014 0.0
2.0766 1.5003 1.2435 0.0
2.0766 1.5003 1.2435 0.0
2.0766 1.5003 1.2435 0.0
1.9877 1.4476 1.1784 0.0
1.9877 1.4476 1.1784 0.0
1.9877 1.4476 1.1784 0.0
1.9282 1.6331 1.1368 0.0
1.8993 1.6106 1.1173 0.0
1.8993 1.6106 1.1173 0.0
1.81 1.5426 1.0601 0.0
1.81 1.5426 1.0601 0.0
1.81 1.5426 1.0601 0.0
1.7183 1.4755 1.007 0.0
1.7183 1.4755 1.007 0.0
1.7183 1.4755 1.007 0.0
1.6601 1.4345 1.3572 0.0
1.6312 1.4146 1.3359 0.0
1.6312 1.4146 1.3359 0.0
2.0385 1.3583 1.2752 0.0
2.0385 1.3583 1.2752 0.0
2.0385 1.3583 1.2752 0.0
1.9758 1.3221 1.2359 0.0
1.9449 1.305 1.2173 0.0
1.9449 1.305 1.2173 0.0
1.8807 1.9204 1.1803 22.0
1.8498 1.9003 1.1633 22.0
1.8498 1.9003 1.1633 22.0
1.7942 1.8515 1.3293 22.0
1.768 1.827 1.3092 22.0
1.768 1.827 1.3092 22.0
1.6934 1.1317 1.256 0.0
1.6934 1.1317 1.256 0.0
1.6934 1.1317 1.256 0.0
1.6464 1.0974 1.2225 0.0
1.6221 1.6899 1.2042 22.0
1.6221 1.6899 1.2042 22.0
2.1419 1.6476 1.1721 0.0
2.1162 1.6233 1.1595 0.0
2.1162 1.6233 1.1595 0.0
2.0429 1.5623 1.1201 0.0
2.0429 1.5623 1.1201 0.0
2.0429 1.5623 1.1201 0.0
1.9618 1.502 1.4157 0.0
1.9618 1.502 1.4157 0.0
1.9618 1.502 1.4157 0.0
1.8735 1.4388 1.3383 0.0
1.8735 1.4388 1.3383 0.0
1.8735 1.4388 1.3383 0.0
1.8134 1.3975 1.2865 0.0
1.7844 1.3781 1.2619 0.0
1.7844 1.3781 1.2619 0.0
1.6954 1.321 1.1877 0.0
1.6954 1.321 1.1877 0.0
1.6661 1.303 1.1637 0.0
1.6661 1.303 1.1637 0.0
1.6022 1.2656 1.1126 0.0
1.6022 1.2656 1.1126 0.0
1.5413 1.8051 1.0654 22.0
1.5124 1.7831 1.0436 22.0
1.5124 1.7831 1.0436 22.0
2.0321 1.7103 0.9944 0.0
2.0321 1.7103 0.9944 0.0
2.0321 1.7103 0.9944 0.0
1.9769 1.6627 0.9669 0.0
1.9479 1.6408 0.9513 0.0
1.9479 1.6408 0.9513 0.0
1.8586 1.575 1.2804 0.0
1.8586 1.575 1.2804 0.0
1.8586 1.575 1.2804 0.0
1.7975 1.5314 1.2268 0.0
1.7675 1.5104 1.2008 0.0
1.7675 1.5104 1.2008 0.0
1.7083 1.4702 1.1502 0.0
1.6795 1.4511 1.1259 0.0
1.6795 1.4511 1.1259 0.0
1.621 1.4135 1.0775 0.0
1.5905 1.3945 1.0527 0.0
1.5905 1.3945 1.0527 0.0
1.5314 1.359 1.0057 0.0
1.5029 1.3426 0.9836 0.0
1.5029 1.3426 0.9836 0.0
1.4448 1.8497 0.9399 22.0
1.4149 1.8263 0.9181 22.0
1.4149 1.8263 0.9181 22.0
1.9834 1.7726 0.8906 0.0
1.9563 1.7459 0.8793 0.0
1.9563 1.7459 0.8793 0.0
1.8979 1.6997 1.289 0.0
1.8677 1.6761 1.2621 0.0
1.8677 1.6761 1.2621 0.0
1.8084 1.6306 1.2097 0.0
1.7796 1.6088 1.1845 0.0
1.7796 1.6088 1.1845 0.0
1.714 1.5602 1.128 0.0
1.6846 1.5389 1.1031 0.0
1.6846 1.5389 1.1031 0.0
1.6266 1.4976 1.0547 0.0
1.596 1.4764 1.0297 0.0
1.596 1.4764 1.0297 0.0
2.1821 1.4368 0.983 0.0
2.152 1.4181 0.961 0.0
2.152 1.4181 0.961 0.0
2.0627 1.3652 0.8983 0.0
2.0627 1.3652 0.8983 0.0
2.0627 1.3652 0.8983 0.0
2.0021 1.8463 0.8587 0.0
1.971 1.822 0.8394 0.0
1.971 1.822 0.8394 0.0
1.9111 1.7759 0.8047 0.0
1.8818 1.7537 0.7889 0.0
1.8818 1.7537 0.7889 0.0
1.7906 1.6861 1.1752 0.0
1.7906 1.6861 1.1752 0.0
1.7906 1.6861 1.1752 0.0
1.7023 1.623 1.0969 0.0
1.7023 1.623 1.0969 0.0
1.7023 1.623 1.0969 0.0
1.643 1.582 1.0454 0.0
1.6137 1.5623 1.0204 0.0
1.6137 1.5623 1.0204 0.0
1.5542 1.5231 0.9704 0.0
1.5258 1.505 0.947 0.0
1.5258 1.505 0.947 0.0
1.4392 1.4518 0.878 22.0
